####
#
# OBJ File Generated by Meshlab
#
####
# Object torus_obj
#
# Vertices: 576
# Faces: 1152
#
####
mtllib ./torus_mtl

vn 3.924167 -4.518612 -0.288757
v 0.408080 -0.370306 0.298777 0.752941 0.752941 0.752941
vn 3.415373 -3.743095 -3.219187
v 0.386144 -0.337075 0.175646 0.752941 0.752941 0.752941
vn 2.007156 -1.979836 -5.333530
v 0.326213 -0.262230 0.088735 0.752941 0.752941 0.752941
vn 0.042848 0.337635 -6.059023
v 0.244346 -0.165826 0.061334 0.752941 0.752941 0.752941
vn -1.964416 2.600612 -5.154564
v 0.162479 -0.073694 0.100783 0.752941 0.752941 0.752941
vn -3.458226 4.178972 -2.826395
v 0.102549 -0.010520 0.196513 0.752941 0.752941 0.752941
vn -4.009662 4.617074 0.295037
v 0.080612 0.006767 0.322873 0.752941 0.752941 0.752941
vn -3.458226 3.785215 3.335330
v 0.102549 -0.026463 0.446005 0.752941 0.752941 0.752941
vn -1.964422 1.923363 5.443653
v 0.162479 -0.101308 0.532915 0.752941 0.752941 0.752941
vn 0.042853 -0.436333 6.052718
v 0.244346 -0.197712 0.560316 0.752941 0.752941 0.752941
vn 2.007156 -2.642607 5.038146
v 0.326213 -0.289845 0.520867 0.752941 0.752941 0.752941
vn 3.415381 -4.122393 2.716567
v 0.386144 -0.353018 0.425137 0.752941 0.752941 0.752941
vn 3.299610 -4.991130 -0.318960
v 0.277780 -0.468881 0.292478 0.752941 0.752941 0.752941
vn 2.871787 -4.154321 -3.245464
v 0.259336 -0.433009 0.169515 0.752941 0.752941 0.752941
vn 1.687709 -2.221499 -5.348986
v 0.208943 -0.350948 0.083066 0.752941 0.752941 0.752941
vn 0.036037 0.332478 -6.059358
v 0.140107 -0.244686 0.056295 0.752941 0.752941 0.752941
vn -1.651759 2.837153 -5.139450
v 0.071270 -0.142696 0.096374 0.752941 0.752941 0.752941
vn -2.907810 4.595380 -2.799778
v 0.020877 -0.072307 0.192565 0.752941 0.752941 0.752941
vn -3.371485 5.099878 0.325906
v 0.002433 -0.052378 0.319094 0.752941 0.752941 0.752941
vn -2.907818 4.201619 3.361936
v 0.020877 -0.088250 0.442056 0.752941 0.752941 0.752941
vn -1.651765 2.159897 5.458783
v 0.071270 -0.170311 0.528505 0.752941 0.752941 0.752941
vn 0.036045 -0.441504 6.052375
v 0.140107 -0.276573 0.555277 0.752941 0.752941 0.752941
vn 1.687711 -2.884297 5.022710
v 0.208943 -0.378563 0.515197 0.752941 0.752941 0.752941
vn 2.871782 -4.533634 2.690270
v 0.259336 -0.448953 0.419006 0.752941 0.752941 0.752941
vn 2.618572 -5.378216 -0.343691
v 0.135703 -0.549641 0.287317 0.752941 0.752941 0.752941
vn 2.279053 -4.491250 -3.266988
v 0.121065 -0.511605 0.164493 0.752941 0.752941 0.752941
vn 1.339366 -2.419508 -5.361626
v 0.081073 -0.423632 0.078421 0.752941 0.752941 0.752941
vn 0.028598 0.328254 -6.059622
v 0.026444 -0.309294 0.052166 0.752941 0.752941 0.752941
vn -1.310845 3.030921 -5.127069
v -0.028185 -0.199228 0.092761 0.752941 0.752941 0.752941
vn -2.307647 4.936513 -2.777993
v -0.068176 -0.122926 0.189330 0.752941 0.752941 0.752941
vn -2.675615 5.495410 0.351172
v -0.082814 -0.100833 0.315997 0.752941 0.752941 0.752941
vn -2.307658 4.542770 3.383731
v -0.068176 -0.138869 0.438821 0.752941 0.752941 0.752941
vn -1.310834 2.353687 5.471148
v -0.028185 -0.226842 0.524893 0.752941 0.752941 0.752941
vn 0.028590 -0.445722 6.052118
v 0.026444 -0.341180 0.551148 0.752941 0.752941 0.752941
vn 1.339360 -3.082284 5.010056
v 0.081073 -0.451246 0.510553 0.752941 0.752941 0.752941
vn 2.279046 -4.870551 2.668763
v 0.121065 -0.527548 0.413984 0.752941 0.752941 0.752941
vn 1.892732 -5.673307 -0.362555
v -0.015722 -0.611202 0.283383 0.752941 0.752941 0.752941
vn 1.647323 -4.748072 -3.283421
v -0.026303 -0.571516 0.160664 0.752941 0.752941 0.752941
vn 0.968110 -2.570454 -5.371273
v -0.055209 -0.479037 0.074881 0.752941 0.752941 0.752941
vn 0.020667 0.325034 -6.059827
v -0.094696 -0.358543 0.049019 0.752941 0.752941 0.752941
vn -0.947503 3.178648 -5.117637
v -0.134182 -0.242321 0.090008 0.752941 0.752941 0.752941
vn -1.668001 5.196559 -2.761365
v -0.163089 -0.161512 0.186865 0.752941 0.752941 0.752941
vn -1.933977 5.796925 0.370450
v -0.173669 -0.137770 0.313637 0.752941 0.752941 0.752941
vn -1.667985 4.802807 3.400375
v -0.163089 -0.177456 0.436356 0.752941 0.752941 0.752941
vn -0.947501 2.501400 5.480596
v -0.134182 -0.269935 0.522139 0.752941 0.752941 0.752941
vn 0.020671 -0.448952 6.051906
v -0.094696 -0.390429 0.548001 0.752941 0.752941 0.752941
vn 0.968108 -3.233223 5.000411
v -0.055209 -0.506651 0.507012 0.752941 0.752941 0.752941
vn 1.647325 -5.127378 2.652341
v -0.026303 -0.587460 0.410155 0.752941 0.752941 0.752941
vn 1.134512 -5.871320 -0.375208
v -0.173904 -0.652512 0.280743 0.752941 0.752941 0.752941
vn 0.987426 -4.920407 -3.294437
v -0.180246 -0.611719 0.158095 0.752941 0.752941 0.752941
vn 0.580283 -2.671734 -5.377740
v -0.197573 -0.516216 0.072505 0.752941 0.752941 0.752941
vn 0.012390 0.322861 -6.059963
v -0.221241 -0.391591 0.046907 0.752941 0.752941 0.752941
vn -0.567920 3.277788 -5.111292
v -0.244910 -0.271238 0.088160 0.752941 0.752941 0.752941
vn -0.999823 5.371051 -2.750229
v -0.262236 -0.187405 0.185210 0.752941 0.752941 0.752941
vn -1.159241 5.999253 0.383371
v -0.268578 -0.162556 0.312053 0.752941 0.752941 0.752941
vn -0.999810 4.977312 3.411501
v -0.262236 -0.203348 0.434701 0.752941 0.752941 0.752941
vn -0.567923 2.600526 5.486934
v -0.244910 -0.298852 0.520291 0.752941 0.752941 0.752941
vn 0.012397 -0.451115 6.051769
v -0.221241 -0.423477 0.545889 0.752941 0.752941 0.752941
vn 0.580296 -3.334506 4.993939
v -0.197572 -0.543830 0.504636 0.752941 0.752941 0.752941
vn 0.987415 -5.299715 2.641325
v -0.180246 -0.627663 0.407586 0.752941 0.752941 0.752941
vn 0.356880 -5.968889 -0.381427
v -0.336135 -0.672863 0.279443 0.752941 0.752941 0.752941
vn 0.310602 -5.005300 -3.299840
v -0.338130 -0.631526 0.156829 0.752941 0.752941 0.752941
vn 0.182544 -2.721618 -5.380949
v -0.343580 -0.534532 0.071335 0.752941 0.752941 0.752941
vn 0.003903 0.321787 -6.060041
v -0.351026 -0.407872 0.045867 0.752941 0.752941 0.752941
vn -0.178642 3.326609 -5.108166
v -0.358471 -0.285484 0.087249 0.752941 0.752941 0.752941
vn -0.314505 5.457040 -2.744730
v -0.363922 -0.200162 0.184395 0.752941 0.752941 0.752941
vn -0.364657 6.098927 0.389744
v -0.365917 -0.174767 0.311273 0.752941 0.752941 0.752941
vn -0.314515 5.063281 3.417011
v -0.363922 -0.216105 0.433886 0.752941 0.752941 0.752941
vn -0.178663 2.649369 5.490043
v -0.358471 -0.313098 0.519381 0.752941 0.752941 0.752941
vn 0.003910 -0.452176 6.051699
v -0.351026 -0.439758 0.544849 0.752941 0.752941 0.752941
vn 0.182548 -3.384396 4.990756
v -0.343580 -0.562146 0.503466 0.752941 0.752941 0.752941
vn 0.310614 -5.384614 2.635905
v -0.338130 -0.647469 0.406321 0.752941 0.752941 0.752941
vn -0.426839 -5.964293 -0.381149
v -0.499640 -0.671909 0.279504 0.752941 0.752941 0.752941
vn -0.371506 -5.001333 -3.299607
v -0.497254 -0.630596 0.156889 0.752941 0.752941 0.752941
vn -0.218342 -2.719299 -5.380783
v -0.490735 -0.533673 0.071390 0.752941 0.752941 0.752941
vn -0.004665 0.321832 -6.060020
v -0.481830 -0.407108 0.045915 0.752941 0.752941 0.752941
vn 0.213686 3.324330 -5.108309
v -0.472925 -0.284815 0.087292 0.752941 0.752941 0.752941
vn 0.376188 5.453003 -2.744977
v -0.466406 -0.199563 0.184433 0.752941 0.752941 0.752941
vn 0.436164 6.094254 0.389431
v -0.464020 -0.174194 0.311309 0.752941 0.752941 0.752941
vn 0.376179 5.059241 3.416750
v -0.466406 -0.215506 0.433924 0.752941 0.752941 0.752941
vn 0.213675 2.647087 5.489908
v -0.472925 -0.312430 0.519423 0.752941 0.752941 0.752941
vn -0.004667 -0.452107 6.051699
v -0.481830 -0.438994 0.544898 0.752941 0.752941 0.752941
vn -0.218330 -3.382060 4.990896
v -0.490735 -0.561287 0.503521 0.752941 0.752941 0.752941
vn -0.371512 -5.380632 2.636163
v -0.497254 -0.646540 0.406380 0.752941 0.752941 0.752941
vn -1.203296 -5.857670 -0.374317
v -0.661621 -0.649664 0.280925 0.752941 0.752941 0.752941
vn -1.047255 -4.908515 -3.293671
v -0.654895 -0.608948 0.158272 0.752941 0.752941 0.752941
vn -0.615449 -2.664730 -5.377316
v -0.636518 -0.513652 0.072669 0.752941 0.752941 0.752941
vn -0.013154 0.323009 -6.059960
v -0.611415 -0.389312 0.047053 0.752941 0.752941 0.752941
vn 0.602335 3.270942 -5.111730
v -0.586312 -0.269244 0.088287 0.752941 0.752941 0.752941
vn 1.060403 5.359035 -2.750988
v -0.567935 -0.185620 0.185324 0.752941 0.752941 0.752941
vn 1.229492 5.985303 0.382469
v -0.561208 -0.160847 0.312162 0.752941 0.752941 0.752941
vn 1.060420 4.965276 3.410746
v -0.567935 -0.201563 0.434815 0.752941 0.752941 0.752941
vn 0.602366 2.593679 5.486496
v -0.586312 -0.296859 0.520419 0.752941 0.752941 0.752941
vn -0.013141 -0.450971 6.051775
v -0.611415 -0.421199 0.546035 0.752941 0.752941 0.752941
vn -0.615468 -3.327536 4.994374
v -0.636518 -0.541267 0.504800 0.752941 0.752941 0.752941
vn -1.047278 -5.287839 2.642082
v -0.654895 -0.624891 0.407763 0.752941 0.752941 0.752941
vn -1.959139 -5.650830 -0.361099
v -0.819307 -0.606509 0.283683 0.752941 0.752941 0.752941
vn -1.705125 -4.728494 -3.282139
v -0.808356 -0.566950 0.160956 0.752941 0.752941 0.752941
vn -1.002072 -2.558942 -5.370541
v -0.778436 -0.474814 0.075151 0.752941 0.752941 0.752941
vn -0.021385 0.325269 -6.059813
v -0.737564 -0.354789 0.049259 0.752941 0.752941 0.752941
vn 0.980739 3.167398 -5.118347
v -0.696692 -0.239036 0.090218 0.752941 0.752941 0.752941
vn 1.726516 5.176745 -2.762623
v -0.666772 -0.158571 0.187053 0.752941 0.752941 0.752941
vn 2.001795 5.773957 0.368962
v -0.655820 -0.134955 0.313817 0.752941 0.752941 0.752941
vn 1.726515 4.782975 3.399096
v -0.666772 -0.174514 0.436544 0.752941 0.752941 0.752941
vn 0.980728 2.490133 5.479887
v -0.696692 -0.266651 0.522349 0.752941 0.752941 0.752941
vn -0.021407 -0.448695 6.051922
v -0.737564 -0.386675 0.548241 0.752941 0.752941 0.752941
vn -1.002081 -3.221723 5.001136
v -0.778436 -0.502428 0.507282 0.752941 0.752941 0.752941
vn -1.705117 -5.107804 2.653577
v -0.808356 -0.582893 0.410447 0.752941 0.752941 0.752941
vn -2.681454 -5.347279 -0.341699
v -0.970000 -0.543184 0.287730 0.752941 0.752941 0.752941
vn -2.333791 -4.464302 -3.265268
v -0.955011 -0.505321 0.164894 0.752941 0.752941 0.752941
vn -1.371543 -2.403686 -5.360620
v -0.914059 -0.417821 0.078793 0.752941 0.752941 0.752941
vn -0.029288 0.328574 -6.059597
v -0.858118 -0.304129 0.052496 0.752941 0.752941 0.752941
vn 1.342321 3.015438 -5.128053
v -0.802177 -0.194708 0.093050 0.752941 0.752941 0.752941
vn 2.363082 4.909241 -2.779709
v -0.761225 -0.118879 0.189589 0.752941 0.752941 0.752941
vn 2.739879 5.463799 0.349149
v -0.746236 -0.096960 0.316245 0.752941 0.752941 0.752941
vn 2.363063 4.515495 3.381984
v -0.761225 -0.134822 0.439080 0.752941 0.752941 0.752941
vn 1.342310 2.338176 5.470171
v -0.802177 -0.222323 0.525182 0.752941 0.752941 0.752941
vn -0.029293 -0.445390 6.052138
v -0.858118 -0.336015 0.551478 0.752941 0.752941 0.752941
vn -1.371533 -3.066464 5.011063
v -0.914059 -0.445435 0.510924 0.752941 0.752941 0.752941
vn -2.333785 -4.843629 2.670470
v -0.955011 -0.521264 0.414385 0.752941 0.752941 0.752941
vn -3.357890 -4.952256 -0.316478
v -1.111121 -0.460771 0.292996 0.752941 0.752941 0.752941
vn -2.922518 -4.120503 -3.243306
v -1.092351 -0.425116 0.170020 0.752941 0.752941 0.752941
vn -1.717531 -2.201640 -5.347711
v -1.041068 -0.343649 0.083533 0.752941 0.752941 0.752941
vn -0.036675 0.332898 -6.059316
v -0.971015 -0.238198 0.056709 0.752941 0.752941 0.752941
vn 1.680946 2.817701 -5.140695
v -0.900962 -0.137019 0.096737 0.752941 0.752941 0.752941
vn 2.959194 4.561113 -2.801965
v -0.849679 -0.067223 0.192890 0.752941 0.752941 0.752941
vn 3.431080 5.060145 0.323368
v -0.830909 -0.047512 0.319405 0.752941 0.752941 0.752941
vn 2.959193 4.167356 3.359741
v -0.849679 -0.083166 0.442381 0.752941 0.752941 0.752941
vn 1.680933 2.140429 5.457541
v -0.900962 -0.164634 0.528868 0.752941 0.752941 0.752941
vn -0.036680 -0.441077 6.052414
v -0.971015 -0.270085 0.555691 0.752941 0.752941 0.752941
vn -1.717521 -2.864390 5.023990
v -1.041068 -0.371263 0.515664 0.752941 0.752941 0.752941
vn -2.922508 -4.499797 2.692437
v -1.092351 -0.441060 0.419511 0.752941 0.752941 0.752941
vn -3.976885 -4.472482 -0.285806
v -1.240256 -0.360681 0.299392 0.752941 0.752941 0.752941
vn -3.461248 -3.702929 -3.216611
v -1.218026 -0.327708 0.176244 0.752941 0.752941 0.752941
vn -2.034126 -1.956237 -5.332023
v -1.157290 -0.253568 0.089289 0.752941 0.752941 0.752941
vn -0.043437 0.338132 -6.058989
v -1.074323 -0.158126 0.061826 0.752941 0.752941 0.752941
vn 1.990821 2.577516 -5.156042
v -0.991356 -0.066956 0.101214 0.752941 0.752941 0.752941
vn 3.504695 4.138303 -2.828993
v -0.930620 -0.004487 0.196899 0.752941 0.752941 0.752941
vn 4.063554 4.569915 0.292025
v -0.908390 0.012543 0.323242 0.752941 0.752941 0.752941
vn 3.504697 3.744550 3.332726
v -0.930620 -0.020430 0.446390 0.752941 0.752941 0.752941
vn 1.990813 1.900261 5.442186
v -0.991356 -0.094570 0.533345 0.752941 0.752941 0.752941
vn -0.043430 -0.435833 6.052746
v -1.074323 -0.190012 0.560808 0.752941 0.752941 0.752941
vn -2.034127 -2.619017 5.039656
v -1.157290 -0.281182 0.521420 0.752941 0.752941 0.752941
vn -3.461254 -4.082244 2.719123
v -1.218026 -0.343651 0.425735 0.752941 0.752941 0.752941
vn -4.527823 -3.916187 -0.250273
v -1.355195 -0.244626 0.306808 0.752941 0.752941 0.752941
vn -3.940768 -3.218765 -3.185683
v -1.329885 -0.214762 0.183462 0.752941 0.752941 0.752941
vn -2.315941 -1.671695 -5.313845
v -1.260735 -0.149118 0.095964 0.752941 0.752941 0.752941
vn -0.049471 0.344213 -6.058599
v -1.166274 -0.065282 0.067759 0.752941 0.752941 0.752941
vn 2.266600 2.299044 -5.173832
v -1.071813 0.014283 0.106405 0.752941 0.752941 0.752941
vn 3.990212 3.648064 -2.860317
v -1.002663 0.068256 0.201547 0.752941 0.752941 0.752941
vn 4.626494 4.001506 0.255708
v -0.977353 0.082176 0.327692 0.752941 0.752941 0.752941
vn 3.990210 3.254310 3.301399
v -1.002663 0.052313 0.451039 0.752941 0.752941 0.752941
vn 2.266598 1.621774 5.424392
v -1.071813 -0.013332 0.538537 0.752941 0.752941 0.752941
vn -0.049444 -0.429768 6.053139
v -1.166274 -0.097168 0.566741 0.752941 0.752941 0.752941
vn -2.315922 -2.334471 5.057846
v -1.260735 -0.176732 0.528095 0.752941 0.752941 0.752941
vn -3.940756 -3.598073 2.750062
v -1.329885 -0.230706 0.432953 0.752941 0.752941 0.752941
vn -5.001304 -3.292878 -0.210427
v -1.453972 -0.114591 0.315118 0.752941 0.752941 0.752941
vn -4.352854 -2.676276 -3.151006
v -1.426015 -0.088212 0.191549 0.752941 0.752941 0.752941
vn -2.558105 -1.352881 -5.293461
v -1.349634 -0.032087 0.103442 0.752941 0.752941 0.752941
vn -0.054609 0.351025 -6.058171
v -1.245295 0.038746 0.074407 0.752941 0.752941 0.752941
vn 2.503603 1.987041 -5.193776
v -1.140957 0.105307 0.112222 0.752941 0.752941 0.752941
vn 4.407458 3.098790 -2.895423
v -1.064576 0.149761 0.206756 0.752941 0.752941 0.752941
vn 5.110274 3.364623 0.215019
v -1.036619 0.160197 0.332678 0.752941 0.752941 0.752941
vn 4.407454 2.705037 3.266303
v -1.064576 0.133818 0.456247 0.752941 0.752941 0.752941
vn 2.503629 1.309787 5.404451
v -1.140957 0.077693 0.544353 0.752941 0.752941 0.752941
vn -0.054607 -0.422946 6.053570
v -1.245295 0.006860 0.573389 0.752941 0.752941 0.752941
vn -2.558100 -2.015652 5.078210
v -1.349634 -0.059701 0.535574 0.752941 0.752941 0.752941
vn -4.352849 -3.055586 2.784730
v -1.426015 -0.104155 0.441040 0.752941 0.752941 0.752941
vn -5.389199 -2.613235 -0.166994
v -1.534896 0.027198 0.324179 0.752941 0.752941 0.752941
vn -4.690452 -2.084754 -3.113215
v -1.504770 0.049777 0.200367 0.752941 0.752941 0.752941
vn -2.756527 -1.005245 -5.271254
v -1.422465 0.095523 0.111597 0.752941 0.752941 0.752941
vn -0.058847 0.358451 -6.057682
v -1.310034 0.152177 0.081655 0.752941 0.752941 0.752941
vn 2.697821 1.646803 -5.215514
v -1.197604 0.204559 0.118565 0.752941 0.752941 0.752941
vn 4.749292 2.499841 -2.933717
v -1.115299 0.238633 0.212435 0.752941 0.752941 0.752941
vn 5.506618 2.670173 0.170633
v -1.085173 0.245270 0.338114 0.752941 0.752941 0.752941
vn 4.749301 2.106087 3.228036
v -1.115299 0.222690 0.461926 0.752941 0.752941 0.752941
vn 2.697809 0.969546 5.382707
v -1.197604 0.176944 0.550696 0.752941 0.752941 0.752941
vn -0.058858 -0.415529 6.054032
v -1.310034 0.120290 0.580638 0.752941 0.752941 0.752941
vn -2.756523 -1.668024 5.100430
v -1.422465 0.067908 0.543728 0.752941 0.752941 0.752941
vn -4.690448 -2.464061 2.822540
v -1.504770 0.033834 0.449858 0.752941 0.752941 0.752941
vn -5.684878 -1.888881 -0.120699
v -1.596583 0.178315 0.333836 0.752941 0.752941 0.752941
vn -4.947797 -1.454325 -3.072933
v -1.564804 0.196845 0.209765 0.752941 0.752941 0.752941
vn -2.907751 -0.634755 -5.247579
v -1.477983 0.231528 0.120288 0.752941 0.752941 0.752941
vn -0.062101 0.366364 -6.057189
v -1.359384 0.273070 0.089381 0.752941 0.752941 0.752941
vn 2.845816 1.284188 -5.238685
v -1.240785 0.310341 0.125324 0.752941 0.752941 0.752941
vn 5.009888 1.861476 -2.974499
v -1.153964 0.333352 0.218488 0.752941 0.752941 0.752941
vn 5.808739 1.930048 0.123321
v -1.122185 0.335940 0.343908 0.752941 0.752941 0.752941
vn 5.009887 1.467709 3.187251
v -1.153964 0.317409 0.467979 0.752941 0.752941 0.752941
vn 2.845818 0.606928 5.359537
v -1.240785 0.282726 0.557456 0.752941 0.752941 0.752941
vn -0.062099 -0.407613 6.054547
v -1.359384 0.241184 0.588363 0.752941 0.752941 0.752941
vn -2.907760 -1.297530 5.124108
v -1.477983 0.203914 0.552419 0.752941 0.752941 0.752941
vn -4.947788 -1.833624 2.862837
v -1.564804 0.180902 0.459256 0.752941 0.752941 0.752941
vn -5.883296 -1.132205 -0.072350
v -1.637977 0.336174 0.343923 0.752941 0.752941 0.752941
vn -5.120483 -0.795761 -3.030851
v -1.605089 0.350474 0.219582 0.752941 0.752941 0.752941
vn -3.009239 -0.247728 -5.222847
v -1.515238 0.373601 0.129367 0.752941 0.752941 0.752941
vn -0.064246 0.374624 -6.056655
v -1.392499 0.399358 0.097451 0.752941 0.752941 0.752941
vn 2.945152 0.905414 -5.262890
v -1.269760 0.420842 0.132386 0.752941 0.752941 0.752941
vn 5.184743 1.194648 -3.017086
v -1.179909 0.432298 0.224811 0.752941 0.752941 0.752941
vn 6.011493 1.156894 0.073927
v -1.147022 0.430655 0.349961 0.752941 0.752941 0.752941
vn 5.184738 0.800902 3.144614
v -1.179909 0.416355 0.474302 0.752941 0.752941 0.752941
vn 2.945153 0.228156 5.335325
v -1.269760 0.393228 0.564517 0.752941 0.752941 0.752941
vn -0.064254 -0.399357 6.055078
v -1.392499 0.367471 0.596433 0.752941 0.752941 0.752941
vn -3.009247 -0.910518 5.148830
v -1.515238 0.345987 0.561498 0.752941 0.752941 0.752941
vn -5.120484 -1.175071 2.904907
v -1.605089 0.334531 0.469073 0.752941 0.752941 0.752941
vn -5.981051 -0.356148 -0.022763
v -1.658370 0.498075 0.354269 0.752941 0.752941 0.752941
vn -5.205569 -0.120312 -2.987673
v -1.624936 0.508037 0.229651 0.752941 0.752941 0.752941
vn -3.059236 0.149217 -5.197477
v -1.533592 0.519312 0.138678 0.752941 0.752941 0.752941
vn -0.065314 0.383088 -6.056122
v -1.408814 0.528879 0.105728 0.752941 0.752941 0.752941
vn 2.994076 0.516918 -5.287723
v -1.284036 0.534173 0.139628 0.752941 0.752941 0.752941
vn 5.270890 0.510741 -3.060812
v -1.192692 0.533777 0.231296 0.752941 0.752941 0.752941
vn 6.111376 0.363900 0.023252
v -1.159258 0.527796 0.356168 0.752941 0.752941 0.752941
vn 5.270881 0.117004 3.100927
v -1.192692 0.517833 0.480787 0.752941 0.752941 0.752941
vn 2.994085 -0.160330 5.310513
v -1.284036 0.506558 0.571759 0.752941 0.752941 0.752941
vn -0.065316 -0.390882 6.055616
v -1.408814 0.496992 0.604710 0.752941 0.752941 0.752941
vn -3.059237 -0.513563 5.174193
v -1.533592 0.491698 0.570810 0.752941 0.752941 0.752941
vn -5.205564 -0.499634 2.948058
v -1.624936 0.492094 0.479142 0.752941 0.752941 0.752941
vn -5.976463 0.425983 0.027215
v -1.657413 0.661247 0.364696 0.752941 0.752941 0.752941
vn -5.201582 0.560414 -2.944190
v -1.624004 0.666838 0.239799 0.752941 0.752941 0.752941
vn -3.056921 0.549293 -5.171900
v -1.532731 0.666167 0.148063 0.752941 0.752941 0.752941
vn -0.065263 0.391629 -6.055563
v -1.408048 0.659416 0.114069 0.752941 0.752941 0.752941
vn 2.991791 0.125377 -5.312740
v -1.283366 0.648394 0.146927 0.752941 0.752941 0.752941
vn 5.266833 -0.178532 -3.104867
v -1.192092 0.636052 0.237831 0.752941 0.752941 0.752941
vn 6.106674 -0.435290 -0.027801
v -1.158683 0.625699 0.362425 0.752941 0.752941 0.752941
vn 5.266844 -0.572280 3.056879
v -1.192092 0.620109 0.487322 0.752941 0.752941 0.752941
vn 2.991805 -0.551873 5.285479
v -1.283366 0.620779 0.579058 0.752941 0.752941 0.752941
vn -0.065263 -0.382338 6.056156
v -1.408048 0.627530 0.613052 0.752941 0.752941 0.752941
vn -3.056906 -0.113497 5.199759
v -1.532731 0.638553 0.580194 0.752941 0.752941 0.752941
vn -5.201581 0.181098 2.991571
v -1.624004 0.650894 0.489290 0.752941 0.752941 0.752941
vn -5.869621 1.200830 0.076732
v -1.635123 0.822899 0.375026 0.752941 0.752941 0.752941
vn -5.108578 1.234776 -2.901095
v -1.602312 0.824157 0.249852 0.752941 0.752941 0.752941
vn -3.002256 0.945595 -5.146598
v -1.512669 0.811654 0.157360 0.752941 0.752941 0.752941
vn -0.064112 0.400106 -6.055019
v -1.390216 0.788738 0.122333 0.752941 0.752941 0.752941
vn 2.938314 -0.262512 -5.337524
v -1.267763 0.761549 0.154158 0.752941 0.752941 0.752941
vn 5.172684 -0.861363 -3.148504
v -1.178121 0.737374 0.244306 0.752941 0.752941 0.752941
vn 5.997509 -1.226984 -0.078400
v -1.145309 0.722690 0.368623 0.752941 0.752941 0.752941
vn 5.172682 -1.255122 3.013259
v -1.178121 0.721431 0.493797 0.752941 0.752941 0.752941
vn 2.938313 -0.939758 5.260696
v -1.267763 0.733935 0.586289 0.752941 0.752941 0.752941
vn -0.064094 -0.373859 6.056695
v -1.390216 0.756851 0.621316 0.752941 0.752941 0.752941
vn -3.002241 0.282829 5.225104
v -1.512669 0.784039 0.589491 0.752941 0.752941 0.752941
vn -5.108575 0.855473 3.034660
v -1.602312 0.808214 0.499343 0.752941 0.752941 0.752941
vn -5.662345 1.955140 0.124931
v -1.591881 0.980263 0.385082 0.752941 0.752941 0.752941
vn -4.928179 1.891301 -2.859138
v -1.560228 0.977306 0.259638 0.752941 0.752941 0.752941
vn -2.896230 1.331414 -5.121930
v -1.473752 0.953282 0.166410 0.752941 0.752941 0.752941
vn -0.061837 0.408334 -6.054502
v -1.355622 0.914629 0.130378 0.752941 0.752941 0.752941
vn 2.834546 -0.640118 -5.361650
v -1.237493 0.871705 0.161197 0.752941 0.752941 0.752941
vn 4.990017 -1.526134 -3.190978
v -1.151017 0.836010 0.250609 0.752941 0.752941 0.752941
vn 5.785718 -1.997741 -0.127671
v -1.119364 0.817109 0.374656 0.752941 0.752941 0.752941
vn 4.990016 -1.919893 2.970771
v -1.151017 0.820067 0.500100 0.752941 0.752941 0.752941
vn 2.834546 -1.317378 5.236561
v -1.237493 0.844090 0.593328 0.752941 0.752941 0.752941
vn -0.061833 -0.365639 6.057237
v -1.355622 0.882743 0.629360 0.752941 0.752941 0.752941
vn -2.896232 0.668641 5.249745
v -1.473752 0.925668 0.598541 0.752941 0.752941 0.752941
vn -4.928171 1.511986 3.076622
v -1.560228 0.961363 0.509130 0.752941 0.752941 0.752941
vn -5.358181 2.675999 0.171009
v -1.528426 1.130650 0.394693 0.752941 0.752941 0.752941
vn -4.663452 2.518697 -2.819041
v -1.498474 1.123662 0.268991 0.752941 0.752941 0.752941
vn -2.740649 1.700144 -5.098371
v -1.416642 1.088630 0.175059 0.752941 0.752941 0.752941
vn -0.058519 0.416217 -6.053997
v -1.304859 1.034938 0.138066 0.752941 0.752941 0.752941
vn 2.682282 -1.000958 -5.384714
v -1.193075 0.976975 0.167924 0.752941 0.752941 0.752941
vn 4.721977 -2.161390 -3.231552
v -1.111243 0.930271 0.256633 0.752941 0.752941 0.752941
vn 5.474936 -2.734298 -0.174742
v -1.081291 0.907341 0.380422 0.752941 0.752941 0.752941
vn 4.721961 -2.555146 2.930163
v -1.111243 0.914328 0.506124 0.752941 0.752941 0.752941
vn 2.682272 -1.678218 5.213508
v -1.193075 0.949361 0.600056 0.752941 0.752941 0.752941
vn -0.058528 -0.357763 6.057725
v -1.304859 1.003052 0.637049 0.752941 0.752941 0.752941
vn -2.740646 1.037350 5.273309
v -1.416642 1.061015 0.607191 0.752941 0.752941 0.752941
vn -4.663455 2.139379 3.116710
v -1.498474 1.107719 0.518482 0.752941 0.752941 0.752941
vn -4.962332 3.351067 0.214140
v -1.445845 1.271484 0.403692 0.752941 0.752941 0.752941
vn -4.318943 3.106229 -2.781507
v -1.418105 1.260723 0.277750 0.752941 0.752941 0.752941
vn -2.538188 2.045433 -5.076305
v -1.342319 1.215380 0.183159 0.752941 0.752941 0.752941
vn -0.054199 0.423594 -6.053525
v -1.238794 1.147606 0.145266 0.752941 0.752941 0.752941
vn 2.484130 -1.338887 -5.406307
v -1.135268 1.075559 0.174224 0.752941 0.752941 0.752941
vn 4.373143 -2.756293 -3.269574
v -1.059482 1.018545 0.262274 0.752941 0.752941 0.752941
vn 5.070477 -3.424078 -0.218811
v -1.031743 0.991841 0.385822 0.752941 0.752941 0.752941
vn 4.373134 -3.150041 2.892149
v -1.059482 1.002602 0.511765 0.752941 0.752941 0.752941
vn 2.484127 -2.016148 5.191922
v -1.135268 1.047945 0.606355 0.752941 0.752941 0.752941
vn -0.054196 -0.350383 6.058208
v -1.238794 1.115719 0.644248 0.752941 0.752941 0.752941
vn -2.538179 1.382652 5.295379
v -1.342319 1.187766 0.615290 0.752941 0.752941 0.752941
vn -4.318922 2.726924 3.154262
v -1.418105 1.244780 0.527241 0.752941 0.752941 0.752941
vn -4.481601 3.968805 0.253624
v -1.345550 1.400355 0.411927 0.752941 0.752941 0.752941
vn -3.900517 3.643862 -2.747133
v -1.320498 1.386142 0.285764 0.752941 0.752941 0.752941
vn -2.292295 2.361384 -5.056122
v -1.252054 1.331365 0.190571 0.752941 0.752941 0.752941
vn -0.048942 0.430326 -6.053090
v -1.158558 1.250703 0.151854 0.752941 0.752941 0.752941
vn 2.243478 -1.648129 -5.426067
v -1.065062 1.165769 0.179989 0.752941 0.752941 0.752941
vn 3.949476 -3.300674 -3.304364
v -0.996618 1.099321 0.267436 0.752941 0.752941 0.752941
vn 4.579245 -4.055267 -0.259145
v -0.971566 1.069164 0.390763 0.752941 0.752941 0.752941
vn 3.949472 -3.694418 2.857359
v -0.996618 1.083378 0.516927 0.752941 0.752941 0.752941
vn 2.243460 -2.325383 5.172160
v -1.065062 1.138155 0.612120 0.752941 0.752941 0.752941
vn -0.048942 -0.343642 6.058624
v -1.158558 1.218817 0.650837 0.752941 0.752941 0.752941
vn -2.292305 1.698607 5.315552
v -1.252054 1.303751 0.622702 0.752941 0.752941 0.752941
vn -3.900536 3.264557 3.188598
v -1.320498 1.370198 0.535255 0.752941 0.752941 0.752941
vn -3.924174 4.518603 0.288746
v -1.229258 1.515061 0.419257 0.752941 0.752941 0.752941
vn -3.415388 4.122394 -2.716563
v -1.207322 1.497773 0.292898 0.752941 0.752941 0.752941
vn -2.007178 2.642614 -5.038145
v -1.147391 1.434600 0.197168 0.752941 0.752941 0.752941
vn -0.042855 0.436345 -6.052705
v -1.065525 1.342467 0.157718 0.752941 0.752941 0.752941
vn 1.964423 -1.923374 -5.443663
v -0.983658 1.246063 0.185120 0.752941 0.752941 0.752941
vn 3.458237 -3.785200 -3.335340
v -0.923727 1.171218 0.272030 0.752941 0.752941 0.752941
vn 4.009685 -4.617051 -0.295043
v -0.901791 1.137987 0.395161 0.752941 0.752941 0.752941
vn 3.458254 -4.178956 2.826391
v -0.923727 1.155275 0.521521 0.752941 0.752941 0.752941
vn 1.964403 -2.600621 5.154569
v -0.983658 1.218448 0.617251 0.752941 0.752941 0.752941
vn -0.042858 -0.337626 6.059028
v -1.065525 1.310581 0.656700 0.752941 0.752941 0.752941
vn -2.007156 1.979833 5.333541
v -1.147391 1.406985 0.629299 0.752941 0.752941 0.752941
vn -3.415369 3.743082 3.219187
v -1.207322 1.481830 0.542389 0.752941 0.752941 0.752941
vn -3.299594 4.991133 0.318971
v -1.098958 1.613636 0.425557 0.752941 0.752941 0.752941
vn -2.871778 4.533638 -2.690259
v -1.080514 1.593708 0.299028 0.752941 0.752941 0.752941
vn -1.687712 2.884282 -5.022700
v -1.030122 1.523318 0.202837 0.752941 0.752941 0.752941
vn -0.036039 0.441499 -6.052390
v -0.961285 1.421328 0.162758 0.752941 0.752941 0.752941
vn 1.651755 -2.159892 -5.458776
v -0.892448 1.315066 0.189529 0.752941 0.752941 0.752941
vn 2.907807 -4.201620 -3.361951
v -0.842056 1.233005 0.275978 0.752941 0.752941 0.752941
vn 3.371484 -5.099876 -0.325886
v -0.823611 1.197133 0.398941 0.752941 0.752941 0.752941
vn 2.907828 -4.595380 2.799783
v -0.842056 1.217062 0.525469 0.752941 0.752941 0.752941
vn 1.651768 -2.837160 5.139432
v -0.892448 1.287451 0.621661 0.752941 0.752941 0.752941
vn -0.036063 -0.332473 6.059348
v -0.961285 1.389441 0.661740 0.752941 0.752941 0.752941
vn -1.687719 2.221518 5.348975
v -1.030122 1.495703 0.634968 0.752941 0.752941 0.752941
vn -2.871781 4.154332 3.245460
v -1.080514 1.577764 0.548519 0.752941 0.752941 0.752941
vn -2.618569 5.378230 0.343689
v -0.956881 1.694395 0.430717 0.752941 0.752941 0.752941
vn -2.279047 4.870566 -2.668731
v -0.942243 1.672303 0.304051 0.752941 0.752941 0.752941
vn -1.339371 3.082308 -5.010046
v -0.902252 1.596001 0.207482 0.752941 0.752941 0.752941
vn -0.028602 0.445713 -6.052107
v -0.847623 1.485935 0.166886 0.752941 0.752941 0.752941
vn 1.310849 -2.353686 -5.471156
v -0.792993 1.371597 0.193142 0.752941 0.752941 0.752941
vn 2.307645 -4.542762 -3.383745
v -0.753002 1.283624 0.279213 0.752941 0.752941 0.752941
vn 2.675611 -5.495410 -0.351178
v -0.738364 1.245588 0.402037 0.752941 0.752941 0.752941
vn 2.307626 -4.936524 2.777991
v -0.753002 1.267681 0.528704 0.752941 0.752941 0.752941
vn 1.310843 -3.030954 5.127061
v -0.792993 1.343983 0.625273 0.752941 0.752941 0.752941
vn -0.028611 -0.328239 6.059614
v -0.847623 1.454049 0.665869 0.752941 0.752941 0.752941
vn -1.339385 2.419523 5.361629
v -0.902252 1.568386 0.639613 0.752941 0.752941 0.752941
vn -2.279051 4.491243 3.266997
v -0.942243 1.656359 0.553542 0.752941 0.752941 0.752941
vn -1.892740 5.673316 0.362536
v -0.805456 1.755956 0.434651 0.752941 0.752941 0.752941
vn -1.647330 5.127386 -2.652329
v -0.794876 1.732214 0.307879 0.752941 0.752941 0.752941
vn -0.968118 3.233230 -5.000399
v -0.765969 1.651406 0.211022 0.752941 0.752941 0.752941
vn -0.020676 0.448936 -6.051901
v -0.726483 1.535184 0.170033 0.752941 0.752941 0.752941
vn 0.947485 -2.501420 -5.480603
v -0.686996 1.414690 0.195896 0.752941 0.752941 0.752941
vn 1.667996 -4.802810 -3.400355
v -0.658090 1.322210 0.281679 0.752941 0.752941 0.752941
vn 1.933983 -5.796924 -0.370436
v -0.647509 1.282525 0.404398 0.752941 0.752941 0.752941
vn 1.667996 -5.196569 2.761365
v -0.658090 1.306267 0.531170 0.752941 0.752941 0.752941
vn 0.947482 -3.178671 5.117615
v -0.686996 1.387075 0.628027 0.752941 0.752941 0.752941
vn -0.020667 -0.325028 6.059824
v -0.726483 1.503297 0.669016 0.752941 0.752941 0.752941
vn -0.968104 2.570448 5.371274
v -0.765969 1.623791 0.643154 0.752941 0.752941 0.752941
vn -1.647335 4.748072 3.283393
v -0.794876 1.716271 0.557370 0.752941 0.752941 0.752941
vn -1.134526 5.871326 0.375191
v -0.647275 1.797266 0.437291 0.752941 0.752941 0.752941
vn -0.987423 5.299721 -2.641324
v -0.640933 1.772417 0.310448 0.752941 0.752941 0.752941
vn -0.580277 3.334517 -4.993922
v -0.623606 1.688585 0.213398 0.752941 0.752941 0.752941
vn -0.012374 0.451118 -6.051765
v -0.599937 1.568232 0.172145 0.752941 0.752941 0.752941
vn 0.567937 -2.600525 -5.486928
v -0.576269 1.443607 0.197743 0.752941 0.752941 0.752941
vn 0.999822 -4.977300 -3.411509
v -0.558942 1.348103 0.283333 0.752941 0.752941 0.752941
vn 1.159238 -5.999257 -0.383364
v -0.552600 1.307311 0.405982 0.752941 0.752941 0.752941
vn 0.999806 -5.371063 2.750219
v -0.558942 1.332160 0.532825 0.752941 0.752941 0.752941
vn 0.567951 -3.277787 5.111282
v -0.576269 1.415992 0.629875 0.752941 0.752941 0.752941
vn -0.012391 -0.322853 6.059958
v -0.599937 1.536345 0.671128 0.752941 0.752941 0.752941
vn -0.580296 2.671745 5.377752
v -0.623606 1.660970 0.645529 0.752941 0.752941 0.752941
vn -0.987415 4.920407 3.294419
v -0.640933 1.756474 0.559939 0.752941 0.752941 0.752941
vn -0.356879 5.968875 0.381444
v -0.485043 1.817618 0.438592 0.752941 0.752941 0.752941
vn -0.310606 5.384614 -2.635893
v -0.483048 1.792224 0.311714 0.752941 0.752941 0.752941
vn -0.182540 3.384400 -4.990757
v -0.477598 1.706901 0.214569 0.752941 0.752941 0.752941
vn -0.003888 0.452178 -6.051702
v -0.470152 1.584513 0.173186 0.752941 0.752941 0.752941
vn 0.178659 -2.649368 -5.490049
v -0.462707 1.457853 0.198654 0.752941 0.752941 0.752941
vn 0.314512 -5.063291 -3.417006
v -0.457257 1.360860 0.284149 0.752941 0.752941 0.752941
vn 0.364667 -6.098932 -0.389750
v -0.455262 1.319522 0.406762 0.752941 0.752941 0.752941
vn 0.314522 -5.457026 2.744721
v -0.457257 1.344916 0.533640 0.752941 0.752941 0.752941
vn 0.178666 -3.326610 5.108182
v -0.462707 1.430239 0.630785 0.752941 0.752941 0.752941
vn -0.003883 -0.321798 6.060032
v -0.470152 1.552627 0.672168 0.752941 0.752941 0.752941
vn -0.182552 2.721634 5.380925
v -0.477598 1.679287 0.646700 0.752941 0.752941 0.752941
vn -0.310617 5.005317 3.299850
v -0.483048 1.776280 0.561205 0.752941 0.752941 0.752941
vn 0.426839 5.964304 0.381134
v -0.321539 1.816663 0.438531 0.752941 0.752941 0.752941
vn 0.371505 5.380655 -2.636151
v -0.323925 1.791294 0.311655 0.752941 0.752941 0.752941
vn 0.218321 3.382069 -4.990891
v -0.330444 1.706042 0.214514 0.752941 0.752941 0.752941
vn 0.004660 0.452125 -6.051702
v -0.339349 1.583749 0.173137 0.752941 0.752941 0.752941
vn -0.213677 -2.647058 -5.489914
v -0.348254 1.457185 0.198611 0.752941 0.752941 0.752941
vn -0.376189 -5.059240 -3.416747
v -0.354773 1.360261 0.284110 0.752941 0.752941 0.752941
vn -0.436166 -6.094252 -0.389439
v -0.357159 1.318949 0.406725 0.752941 0.752941 0.752941
vn -0.376151 -5.453011 2.744974
v -0.354773 1.344318 0.533601 0.752941 0.752941 0.752941
vn -0.213674 -3.324335 5.108309
v -0.348254 1.429570 0.630742 0.752941 0.752941 0.752941
vn 0.004660 -0.321853 6.060029
v -0.339349 1.551863 0.672119 0.752941 0.752941 0.752941
vn 0.218335 2.719279 5.380795
v -0.330444 1.678427 0.646645 0.752941 0.752941 0.752941
vn 0.371509 5.001320 3.299598
v -0.323925 1.775351 0.561146 0.752941 0.752941 0.752941
vn 1.203278 5.857665 0.374335
v -0.159558 1.794419 0.437109 0.752941 0.752941 0.752941
vn 1.047248 5.287841 -2.642085
v -0.166284 1.769646 0.310271 0.752941 0.752941 0.752941
vn 0.615449 3.327516 -4.994377
v -0.184661 1.686022 0.213234 0.752941 0.752941 0.752941
vn 0.013145 0.450958 -6.051782
v -0.209764 1.565954 0.172000 0.752941 0.752941 0.752941
vn -0.602343 -2.593675 -5.486508
v -0.234867 1.441614 0.197616 0.752941 0.752941 0.752941
vn -1.060397 -4.965268 -3.410756
v -0.253244 1.346318 0.283219 0.752941 0.752941 0.752941
vn -1.229511 -5.985302 -0.382474
v -0.259970 1.305602 0.405872 0.752941 0.752941 0.752941
vn -1.060415 -5.359033 2.750986
v -0.253244 1.330375 0.532710 0.752941 0.752941 0.752941
vn -0.602360 -3.270959 5.111724
v -0.234867 1.413999 0.629747 0.752941 0.752941 0.752941
vn 0.013136 -0.323026 6.059952
v -0.209764 1.534067 0.670982 0.752941 0.752941 0.752941
vn 0.615461 2.664753 5.377291
v -0.184661 1.658407 0.645366 0.752941 0.752941 0.752941
vn 1.047277 4.908529 3.293675
v -0.166284 1.753702 0.559762 0.752941 0.752941 0.752941
vn 1.959136 5.650820 0.361130
v -0.001871 1.751264 0.434352 0.752941 0.752941 0.752941
vn 1.705126 5.107799 -2.653572
v -0.012822 1.727648 0.307587 0.752941 0.752941 0.752941
vn 1.002060 3.221708 -5.001148
v -0.042743 1.647183 0.210752 0.752941 0.752941 0.752941
vn 0.021379 0.448688 -6.051932
v -0.083614 1.531430 0.169794 0.752941 0.752941 0.752941
vn -0.980735 -2.490139 -5.479878
v -0.124486 1.411405 0.195686 0.752941 0.752941 0.752941
vn -1.726513 -4.782985 -3.399099
v -0.154406 1.319269 0.281491 0.752941 0.752941 0.752941
vn -2.001812 -5.773939 -0.368962
v -0.165358 1.279709 0.404218 0.752941 0.752941 0.752941
vn -1.726512 -5.176735 2.762652
v -0.154406 1.303326 0.530982 0.752941 0.752941 0.752941
vn -0.980731 -3.167395 5.118345
v -0.124486 1.383791 0.627817 0.752941 0.752941 0.752941
vn 0.021401 -0.325272 6.059807
v -0.083614 1.499544 0.668776 0.752941 0.752941 0.752941
vn 1.002074 2.558952 5.370533
v -0.042743 1.619568 0.642884 0.752941 0.752941 0.752941
vn 1.705112 4.728503 3.282158
v -0.012822 1.711704 0.557078 0.752941 0.752941 0.752941
vn 2.681448 5.347270 0.341704
v 0.148822 1.687939 0.430305 0.752941 0.752941 0.752941
vn 2.333801 4.843621 -2.670471
v 0.133832 1.666019 0.303649 0.752941 0.752941 0.752941
vn 1.371553 3.066460 -5.011050
v 0.092881 1.590190 0.207110 0.752941 0.752941 0.752941
vn 0.029270 0.445383 -6.052133
v 0.036940 1.480770 0.166556 0.752941 0.752941 0.752941
vn -1.342333 -2.338177 -5.470179
v -0.019001 1.367078 0.192853 0.752941 0.752941 0.752941
vn -2.363074 -4.515473 -3.382006
v -0.059953 1.279577 0.278954 0.752941 0.752941 0.752941
vn -2.739889 -5.463787 -0.349142
v -0.074942 1.241714 0.401790 0.752941 0.752941 0.752941
vn -2.363077 -4.909242 2.779730
v -0.059953 1.263634 0.528445 0.752941 0.752941 0.752941
vn -1.342327 -3.015443 5.128057
v -0.019001 1.339463 0.624984 0.752941 0.752941 0.752941
vn 0.029290 -0.328606 6.059604
v 0.036940 1.448883 0.665538 0.752941 0.752941 0.752941
vn 1.371535 2.403677 5.360617
v 0.092881 1.562575 0.639242 0.752941 0.752941 0.752941
vn 2.333782 4.464312 3.265279
v 0.133832 1.650076 0.553140 0.752941 0.752941 0.752941
vn 3.357896 4.952239 0.316457
v 0.289943 1.605526 0.425038 0.752941 0.752941 0.752941
vn 2.922517 4.499813 -2.692456
v 0.271172 1.585814 0.298524 0.752941 0.752941 0.752941
vn 1.717543 2.864420 -5.023969
v 0.219890 1.516018 0.202371 0.752941 0.752941 0.752941
vn 0.036687 0.441081 -6.052409
v 0.149836 1.414840 0.162343 0.752941 0.752941 0.752941
vn -1.680947 -2.140429 -5.457531
v 0.079783 1.309389 0.189166 0.752941 0.752941 0.752941
vn -2.959193 -4.167350 -3.359763
v 0.028501 1.227921 0.275653 0.752941 0.752941 0.752941
vn -3.431064 -5.060140 -0.323349
v 0.009730 1.192266 0.398630 0.752941 0.752941 0.752941
vn -2.959198 -4.561101 2.801989
v 0.028501 1.211978 0.525145 0.752941 0.752941 0.752941
vn -1.680941 -2.817685 5.140690
v 0.079783 1.281774 0.621298 0.752941 0.752941 0.752941
vn 0.036674 -0.332904 6.059326
v 0.149836 1.382953 0.661325 0.752941 0.752941 0.752941
vn 1.717527 2.201622 5.347702
v 0.219890 1.488404 0.634502 0.752941 0.752941 0.752941
vn 2.922522 4.120501 3.243305
v 0.271172 1.569871 0.548015 0.752941 0.752941 0.752941
vn 3.976887 4.472480 0.285798
v 0.419077 1.505436 0.418642 0.752941 0.752941 0.752941
vn 3.461255 4.082234 -2.719124
v 0.396847 1.488406 0.292299 0.752941 0.752941 0.752941
vn 2.034133 2.619013 -5.039649
v 0.336111 1.425937 0.196614 0.752941 0.752941 0.752941
vn 0.043424 0.435830 -6.052743
v 0.253144 1.334767 0.157226 0.752941 0.752941 0.752941
vn -1.990794 -1.900277 -5.442186
v 0.170177 1.239326 0.184689 0.752941 0.752941 0.752941
vn -3.504677 -3.744559 -3.332738
v 0.109442 1.165185 0.271644 0.752941 0.752941 0.752941
vn -4.063519 -4.569937 -0.292041
v 0.087211 1.132212 0.394792 0.752941 0.752941 0.752941
vn -3.504680 -4.138306 2.829010
v 0.109442 1.149242 0.521136 0.752941 0.752941 0.752941
vn -1.990799 -2.577534 5.156044
v 0.170177 1.211711 0.616820 0.752941 0.752941 0.752941
vn 0.043436 -0.338143 6.058991
v 0.253144 1.302881 0.656208 0.752941 0.752941 0.752941
vn 2.034135 1.956230 5.332028
v 0.336111 1.398323 0.628745 0.752941 0.752941 0.752941
vn 3.461252 3.702936 3.216609
v 0.396847 1.472463 0.541790 0.752941 0.752941 0.752941
vn 4.527826 3.916178 0.250248
v 0.534017 1.389380 0.411226 0.752941 0.752941 0.752941
vn 3.940767 3.598076 -2.750073
v 0.508706 1.375460 0.285082 0.752941 0.752941 0.752941
vn 2.315956 2.334475 -5.057837
v 0.439556 1.321487 0.189940 0.752941 0.752941 0.752941
vn 0.049473 0.429754 -6.053125
v 0.345096 1.241923 0.151293 0.752941 0.752941 0.752941
vn -2.266607 -1.621801 -5.424392
v 0.250635 1.158087 0.179498 0.752941 0.752941 0.752941
vn -3.990205 -3.254318 -3.301405
v 0.181485 1.092442 0.266996 0.752941 0.752941 0.752941
vn -4.626498 -4.001507 -0.255693
v 0.156175 1.062579 0.390343 0.752941 0.752941 0.752941
vn -3.990208 -3.648074 2.860318
v 0.181485 1.076499 0.516487 0.752941 0.752941 0.752941
vn -2.266604 -2.299046 5.173835
v 0.250635 1.130472 0.611629 0.752941 0.752941 0.752941
vn 0.049443 -0.344208 6.058605
v 0.345096 1.210036 0.650275 0.752941 0.752941 0.752941
vn 2.315921 1.671680 5.313852
v 0.439556 1.293872 0.622071 0.752941 0.752941 0.752941
vn 3.940761 3.218758 3.185689
v 0.508706 1.359517 0.534573 0.752941 0.752941 0.752941
vn 5.001298 3.292891 0.210414
v 0.632793 1.259346 0.402916 0.752941 0.752941 0.752941
vn 4.352840 3.055605 -2.784734
v 0.604836 1.248910 0.276995 0.752941 0.752941 0.752941
vn 2.558093 2.015677 -5.078210
v 0.528455 1.204456 0.182461 0.752941 0.752941 0.752941
vn 0.054623 0.422951 -6.053575
v 0.424117 1.137895 0.144646 0.752941 0.752941 0.752941
vn -2.503620 -1.309766 -5.404447
v 0.319779 1.067062 0.173681 0.752941 0.752941 0.752941
vn -4.407476 -2.705019 -3.266306
v 0.243398 1.010937 0.261788 0.752941 0.752941 0.752941
vn -5.110261 -3.364626 -0.215008
v 0.215440 0.984558 0.385357 0.752941 0.752941 0.752941
vn -4.407464 -3.098758 2.895447
v 0.243398 0.994994 0.511279 0.752941 0.752941 0.752941
vn -2.503628 -1.987026 5.193784
v 0.319779 1.039448 0.605812 0.752941 0.752941 0.752941
vn 0.054615 -0.351019 6.058156
v 0.424117 1.106009 0.643628 0.752941 0.752941 0.752941
vn 2.558107 1.352899 5.293473
v 0.528455 1.176842 0.614592 0.752941 0.752941 0.752941
vn 4.352837 2.676288 3.151012
v 0.604836 1.232967 0.526486 0.752941 0.752941 0.752941
vn 5.389198 2.613243 0.166995
v 0.713717 1.117558 0.393856 0.752941 0.752941 0.752941
vn 4.690452 2.464074 -2.822518
v 0.683592 1.110921 0.268177 0.752941 0.752941 0.752941
vn 2.756510 1.668035 -5.100415
v 0.601287 1.076847 0.174306 0.752941 0.752941 0.752941
vn 0.058844 0.415526 -6.054040
v 0.488856 1.024465 0.137397 0.752941 0.752941 0.752941
vn -2.697799 -0.969537 -5.382719
v 0.376425 0.967811 0.167339 0.752941 0.752941 0.752941
vn -4.749314 -2.106053 -3.228019
v 0.294120 0.922065 0.256108 0.752941 0.752941 0.752941
vn -5.506625 -2.670192 -0.170646
v 0.263995 0.899486 0.379920 0.752941 0.752941 0.752941
vn -4.749316 -2.499832 2.933683
v 0.294120 0.906122 0.505599 0.752941 0.752941 0.752941
vn -2.697807 -1.646790 5.215510
v 0.376425 0.940196 0.599470 0.752941 0.752941 0.752941
vn 0.058853 -0.358453 6.057696
v 0.488856 0.992578 0.636379 0.752941 0.752941 0.752941
vn 2.756505 1.005241 5.271253
v 0.601287 1.049232 0.606438 0.752941 0.752941 0.752941
vn 4.690446 2.084762 3.113202
v 0.683592 1.094978 0.517668 0.752941 0.752941 0.752941
vn 5.684893 1.888880 0.120708
v 0.775404 0.966440 0.384199 0.752941 0.752941 0.752941
vn 4.947803 1.833633 -2.862803
v 0.743626 0.963853 0.258779 0.752941 0.752941 0.752941
vn 2.907749 1.297535 -5.124103
v 0.656805 0.940841 0.165615 0.752941 0.752941 0.752941
vn 0.062085 0.407625 -6.054557
v 0.538206 0.903571 0.129672 0.752941 0.752941 0.752941
vn -2.845817 -0.606927 -5.359540
v 0.419606 0.862028 0.160579 0.752941 0.752941 0.752941
vn -5.009868 -1.467736 -3.187240
v 0.332785 0.827345 0.250055 0.752941 0.752941 0.752941
vn -5.808759 -1.930027 -0.123331
v 0.301007 0.808815 0.374126 0.752941 0.752941 0.752941
vn -5.009880 -1.861470 2.974483
v 0.332785 0.811402 0.499547 0.752941 0.752941 0.752941
vn -2.845825 -1.284192 5.238690
v 0.419606 0.834414 0.592710 0.752941 0.752941 0.752941
vn 0.062095 -0.366338 6.057180
v 0.538206 0.871684 0.628654 0.752941 0.752941 0.752941
vn 2.907763 0.634754 5.247590
v 0.656805 0.913226 0.597746 0.752941 0.752941 0.752941
vn 4.947794 1.454304 3.072927
v 0.743626 0.947909 0.508270 0.752941 0.752941 0.752941
vn 5.883307 1.132217 0.072343
v 0.816798 0.808581 0.374111 0.752941 0.752941 0.752941
vn 5.120492 1.175053 -2.904885
v 0.783911 0.810223 0.248961 0.752941 0.752941 0.752941
vn 3.009243 0.910502 -5.148829
v 0.694060 0.798768 0.156536 0.752941 0.752941 0.752941
vn 0.064253 0.399355 -6.055072
v 0.571321 0.777283 0.121601 0.752941 0.752941 0.752941
vn -2.945153 -0.228134 -5.335322
v 0.448582 0.751527 0.153517 0.752941 0.752941 0.752941
vn -5.184748 -0.800906 -3.144624
v 0.358731 0.728400 0.243733 0.752941 0.752941 0.752941
vn -6.011488 -1.156873 -0.073919
v 0.325843 0.714100 0.368074 0.752941 0.752941 0.752941
vn -5.184741 -1.194653 3.017105
v 0.358731 0.712457 0.493224 0.752941 0.752941 0.752941
vn -2.945143 -0.905401 5.262898
v 0.448582 0.723913 0.585649 0.752941 0.752941 0.752941
vn 0.064249 -0.374629 6.056653
v 0.571321 0.745397 0.620584 0.752941 0.752941 0.752941
vn 3.009249 0.247731 5.222833
v 0.694060 0.771153 0.588668 0.752941 0.752941 0.752941
vn 5.120496 0.795761 3.030826
v 0.783911 0.794280 0.498452 0.752941 0.752941 0.752941
vn 5.981038 0.356163 0.022747
v 0.837192 0.646680 0.363765 0.752941 0.752941 0.752941
vn 5.205580 0.499635 -2.948067
v 0.803757 0.652661 0.238893 0.752941 0.752941 0.752941
vn 3.059251 0.513560 -5.174190
v 0.712414 0.653057 0.147225 0.752941 0.752941 0.752941
vn 0.065338 0.390868 -6.055626
v 0.587636 0.647763 0.113325 0.752941 0.752941 0.752941
vn -2.994072 0.160323 -5.310503
v 0.462857 0.638197 0.146275 0.752941 0.752941 0.752941
vn -5.270890 -0.116998 -3.100914
v 0.371513 0.626922 0.237248 0.752941 0.752941 0.752941
vn -6.111370 -0.363923 -0.023258
v 0.338079 0.616959 0.361866 0.752941 0.752941 0.752941
vn -5.270888 -0.510766 3.060797
v 0.371513 0.610979 0.486739 0.752941 0.752941 0.752941
vn -2.994075 -0.516922 5.287716
v 0.462857 0.610582 0.578407 0.752941 0.752941 0.752941
vn 0.065337 -0.383101 6.056115
v 0.587636 0.615877 0.612307 0.752941 0.752941 0.752941
vn 3.059259 -0.149220 5.197474
v 0.712414 0.625443 0.579356 0.752941 0.752941 0.752941
vn 5.205567 0.120316 2.987692
v 0.803757 0.636718 0.488384 0.752941 0.752941 0.752941
vn 5.976461 -0.425980 -0.027226
v 0.836235 0.483509 0.353338 0.752941 0.752941 0.752941
vn 5.201585 -0.181100 -2.991565
v 0.802826 0.493861 0.228745 0.752941 0.752941 0.752941
vn 3.056899 0.113506 -5.199746
v 0.711553 0.506203 0.137840 0.752941 0.752941 0.752941
vn 0.065259 0.382345 -6.056166
v 0.586870 0.517226 0.104983 0.752941 0.752941 0.752941
vn -2.991776 0.551870 -5.285491
v 0.462188 0.523976 0.138976 0.752941 0.752941 0.752941
vn -5.266845 0.572278 -3.056884
v 0.370914 0.524646 0.230712 0.752941 0.752941 0.752941
vn -6.106681 0.435259 0.027819
v 0.337505 0.519056 0.355610 0.752941 0.752941 0.752941
vn -5.266848 0.178519 3.104862
v 0.370914 0.508703 0.480203 0.752941 0.752941 0.752941
vn -2.991782 -0.125397 5.312737
v 0.462188 0.496362 0.571108 0.752941 0.752941 0.752941
vn 0.065267 -0.391647 6.055575
v 0.586870 0.485339 0.603965 0.752941 0.752941 0.752941
vn 3.056900 -0.549274 5.171906
v 0.711553 0.478588 0.569972 0.752941 0.752941 0.752941
vn 5.201584 -0.560402 2.944181
v 0.802826 0.477918 0.478236 0.752941 0.752941 0.752941
vn 5.869609 -1.200833 -0.076738
v 0.813945 0.321856 0.343008 0.752941 0.752941 0.752941
vn 5.108590 -0.855477 -3.034671
v 0.781133 0.336540 0.218692 0.752941 0.752941 0.752941
vn 3.002249 -0.282838 -5.225079
v 0.691491 0.360715 0.128543 0.752941 0.752941 0.752941
vn 0.064096 0.373873 -6.056708
v 0.569038 0.387904 0.096719 0.752941 0.752941 0.752941
vn -2.938287 0.939753 -5.260708
v 0.446585 0.410820 0.131745 0.752941 0.752941 0.752941
vn -5.172678 1.255141 -3.013238
v 0.356942 0.423323 0.224237 0.752941 0.752941 0.752941
vn -5.997513 1.226992 0.078406
v 0.324131 0.422065 0.349412 0.752941 0.752941 0.752941
vn -5.172681 0.861386 3.148496
v 0.356942 0.407380 0.473728 0.752941 0.752941 0.752941
vn -2.938293 0.262495 5.337527
v 0.446585 0.383205 0.563877 0.752941 0.752941 0.752941
vn 0.064110 -0.400108 6.055030
v 0.569038 0.356017 0.595701 0.752941 0.752941 0.752941
vn 3.002233 -0.945615 5.146594
v 0.691491 0.333101 0.560675 0.752941 0.752941 0.752941
vn 5.108582 -1.234797 2.901094
v 0.781133 0.320597 0.468183 0.752941 0.752941 0.752941
vn 5.662353 -1.955146 -0.124935
v 0.770702 0.164491 0.332952 0.752941 0.752941 0.752941
vn 4.928177 -1.511979 -3.076615
v 0.739050 0.183392 0.208905 0.752941 0.752941 0.752941
vn 2.896229 -0.668648 -5.249746
v 0.652573 0.219087 0.119493 0.752941 0.752941 0.752941
vn 0.061833 0.365636 -6.057230
v 0.534444 0.262012 0.088674 0.752941 0.752941 0.752941
vn -2.834538 1.317358 -5.236574
v 0.416315 0.300664 0.124706 0.752941 0.752941 0.752941
vn -4.990015 1.919868 -2.970762
v 0.329838 0.324688 0.217934 0.752941 0.752941 0.752941
vn -5.785727 1.997740 0.127655
v 0.298186 0.327646 0.343378 0.752941 0.752941 0.752941
vn -4.990015 1.526127 3.190970
v 0.329838 0.308745 0.467425 0.752941 0.752941 0.752941
vn -2.834546 0.640096 5.361656
v 0.416315 0.273050 0.556837 0.752941 0.752941 0.752941
vn 0.061842 -0.408346 6.054501
v 0.534444 0.230125 0.587656 0.752941 0.752941 0.752941
vn 2.896222 -1.331426 5.121946
v 0.652573 0.191473 0.551624 0.752941 0.752941 0.752941
vn 4.928181 -1.891290 2.859129
v 0.739050 0.167449 0.458396 0.752941 0.752941 0.752941
vn 5.358187 -2.675992 -0.171004
v 0.707248 0.014105 0.323342 0.752941 0.752941 0.752941
vn 4.663447 -2.139369 -3.116709
v 0.677296 0.037036 0.199552 0.752941 0.752941 0.752941
vn 2.740650 -1.037344 -5.273317
v 0.595464 0.083740 0.110844 0.752941 0.752941 0.752941
vn 0.058527 0.357758 -6.057734
v 0.483681 0.141703 0.080986 0.752941 0.752941 0.752941
vn -2.682278 1.678217 -5.213511
v 0.371897 0.195394 0.117979 0.752941 0.752941 0.752941
vn -4.721977 2.555125 -2.930166
v 0.290065 0.230427 0.211911 0.752941 0.752941 0.752941
vn -5.474937 2.734302 0.174730
v 0.260113 0.237414 0.337612 0.752941 0.752941 0.752941
vn -4.721970 2.161372 3.231561
v 0.290065 0.214484 0.461402 0.752941 0.752941 0.752941
vn -2.682269 1.000956 5.384725
v 0.371897 0.167780 0.550110 0.752941 0.752941 0.752941
vn 0.058519 -0.416217 6.053997
v 0.483681 0.109817 0.579968 0.752941 0.752941 0.752941
vn 2.740645 -1.700130 5.098381
v 0.595464 0.056125 0.542975 0.752941 0.752941 0.752941
vn 4.663446 -2.518682 2.819052
v 0.677296 0.021093 0.449044 0.752941 0.752941 0.752941
vn 4.962339 -3.351060 -0.214145
v 0.624667 -0.126729 0.314342 0.752941 0.752941 0.752941
vn 4.318945 -2.726919 -3.154257
v 0.596927 -0.100025 0.190794 0.752941 0.752941 0.752941
vn 2.538186 -1.382635 -5.295372
v 0.521141 -0.043011 0.102744 0.752941 0.752941 0.752941
vn 0.054197 0.350393 -6.058203
v 0.417615 0.029035 0.073786 0.752941 0.752941 0.752941
vn -2.484123 2.016166 -5.191907
v 0.314090 0.096810 0.111679 0.752941 0.752941 0.752941
vn -4.373147 3.150031 -2.892149
v 0.238304 0.142153 0.206270 0.752941 0.752941 0.752941
vn -5.070474 3.424065 0.218809
v 0.210564 0.152913 0.332212 0.752941 0.752941 0.752941
vn -4.373144 2.756280 3.269586
v 0.238304 0.126209 0.455761 0.752941 0.752941 0.752941
vn -2.484121 1.338894 5.406315
v 0.314090 0.069196 0.543810 0.752941 0.752941 0.752941
vn 0.054189 -0.423579 6.053530
v 0.417615 -0.002851 0.572768 0.752941 0.752941 0.752941
vn 2.538188 -2.045421 5.076310
v 0.521141 -0.070626 0.534875 0.752941 0.752941 0.752941
vn 4.318933 -3.106232 2.781507
v 0.596927 -0.115968 0.440285 0.752941 0.752941 0.752941
vn 4.481595 -3.968799 -0.253611
v 0.524372 -0.255601 0.306107 0.752941 0.752941 0.752941
vn 3.900520 -3.264558 -3.188601
v 0.499320 -0.225444 0.182779 0.752941 0.752941 0.752941
vn 2.292284 -1.698596 -5.315560
v 0.430876 -0.158996 0.095332 0.752941 0.752941 0.752941
vn 0.048947 0.343639 -6.058641
v 0.337380 -0.074062 0.067198 0.752941 0.752941 0.752941
vn -2.243459 2.325390 -5.172144
v 0.243884 0.006600 0.105914 0.752941 0.752941 0.752941
vn -3.949474 3.694443 -2.857352
v 0.175440 0.061376 0.201108 0.752941 0.752941 0.752941
vn -4.579248 4.055270 0.259141
v 0.150388 0.075590 0.327271 0.752941 0.752941 0.752941
vn -3.949468 3.300686 3.304363
v 0.175440 0.045433 0.450599 0.752941 0.752941 0.752941
vn -2.243440 1.648130 5.426077
v 0.243884 -0.021015 0.538046 0.752941 0.752941 0.752941
vn 0.048956 -0.430328 6.053099
v 0.337380 -0.105949 0.566180 0.752941 0.752941 0.752941
vn 2.292292 -2.361372 5.056117
v 0.430876 -0.186610 0.527464 0.752941 0.752941 0.752941
vn 3.900530 -3.643864 2.747134
v 0.499320 -0.241387 0.432270 0.752941 0.752941 0.752941
# 576 vertices, 0 vertices normals


usemtl material_0
f 1//1 13//13 14//14
f 1//1 14//14 2//2
f 2//2 14//14 15//15
f 2//2 15//15 3//3
f 3//3 15//15 16//16
f 3//3 16//16 4//4
f 4//4 16//16 17//17
f 4//4 17//17 5//5
f 5//5 17//17 18//18
f 5//5 18//18 6//6
f 6//6 18//18 19//19
f 6//6 19//19 7//7
f 7//7 19//19 20//20
f 7//7 20//20 8//8
f 8//8 20//20 21//21
f 8//8 21//21 9//9
f 9//9 21//21 22//22
f 9//9 22//22 10//10
f 10//10 22//22 23//23
f 10//10 23//23 11//11
f 11//11 23//23 24//24
f 11//11 24//24 12//12
f 1//1 12//12 24//24
f 1//1 24//24 13//13
f 13//13 25//25 26//26
f 13//13 26//26 14//14
f 14//14 26//26 27//27
f 14//14 27//27 15//15
f 15//15 27//27 28//28
f 15//15 28//28 16//16
f 16//16 28//28 29//29
f 16//16 29//29 17//17
f 17//17 29//29 30//30
f 17//17 30//30 18//18
f 18//18 30//30 31//31
f 18//18 31//31 19//19
f 19//19 31//31 32//32
f 19//19 32//32 20//20
f 20//20 32//32 33//33
f 20//20 33//33 21//21
f 21//21 33//33 34//34
f 21//21 34//34 22//22
f 22//22 34//34 35//35
f 22//22 35//35 23//23
f 23//23 35//35 36//36
f 23//23 36//36 24//24
f 24//24 36//36 25//25
f 24//24 25//25 13//13
f 25//25 37//37 38//38
f 25//25 38//38 26//26
f 26//26 38//38 39//39
f 26//26 39//39 27//27
f 27//27 39//39 40//40
f 27//27 40//40 28//28
f 28//28 40//40 41//41
f 28//28 41//41 29//29
f 29//29 41//41 42//42
f 29//29 42//42 30//30
f 30//30 42//42 43//43
f 30//30 43//43 31//31
f 31//31 43//43 44//44
f 31//31 44//44 32//32
f 32//32 44//44 45//45
f 32//32 45//45 33//33
f 33//33 45//45 46//46
f 33//33 46//46 34//34
f 34//34 46//46 47//47
f 34//34 47//47 35//35
f 35//35 47//47 48//48
f 35//35 48//48 36//36
f 36//36 48//48 37//37
f 36//36 37//37 25//25
f 37//37 49//49 50//50
f 37//37 50//50 38//38
f 38//38 50//50 51//51
f 38//38 51//51 39//39
f 39//39 51//51 52//52
f 39//39 52//52 40//40
f 40//40 52//52 53//53
f 40//40 53//53 41//41
f 41//41 53//53 54//54
f 41//41 54//54 42//42
f 42//42 54//54 55//55
f 42//42 55//55 43//43
f 43//43 55//55 56//56
f 43//43 56//56 44//44
f 44//44 56//56 57//57
f 44//44 57//57 45//45
f 45//45 57//57 58//58
f 45//45 58//58 46//46
f 46//46 58//58 59//59
f 46//46 59//59 47//47
f 47//47 59//59 60//60
f 47//47 60//60 48//48
f 48//48 60//60 49//49
f 48//48 49//49 37//37
f 49//49 61//61 62//62
f 49//49 62//62 50//50
f 50//50 62//62 63//63
f 50//50 63//63 51//51
f 51//51 63//63 64//64
f 51//51 64//64 52//52
f 52//52 64//64 65//65
f 52//52 65//65 53//53
f 53//53 65//65 66//66
f 53//53 66//66 54//54
f 54//54 66//66 67//67
f 54//54 67//67 55//55
f 55//55 67//67 68//68
f 55//55 68//68 56//56
f 56//56 68//68 69//69
f 56//56 69//69 57//57
f 57//57 69//69 70//70
f 57//57 70//70 58//58
f 58//58 70//70 71//71
f 58//58 71//71 59//59
f 59//59 71//71 72//72
f 59//59 72//72 60//60
f 60//60 72//72 61//61
f 60//60 61//61 49//49
f 61//61 73//73 74//74
f 61//61 74//74 62//62
f 62//62 74//74 75//75
f 62//62 75//75 63//63
f 63//63 75//75 76//76
f 63//63 76//76 64//64
f 64//64 76//76 77//77
f 64//64 77//77 65//65
f 65//65 77//77 78//78
f 65//65 78//78 66//66
f 66//66 78//78 79//79
f 66//66 79//79 67//67
f 67//67 79//79 80//80
f 67//67 80//80 68//68
f 68//68 80//80 81//81
f 68//68 81//81 69//69
f 69//69 81//81 82//82
f 69//69 82//82 70//70
f 70//70 82//82 83//83
f 70//70 83//83 71//71
f 71//71 83//83 84//84
f 71//71 84//84 72//72
f 72//72 84//84 73//73
f 72//72 73//73 61//61
f 73//73 85//85 86//86
f 73//73 86//86 74//74
f 74//74 86//86 87//87
f 74//74 87//87 75//75
f 75//75 87//87 88//88
f 75//75 88//88 76//76
f 76//76 88//88 89//89
f 76//76 89//89 77//77
f 77//77 89//89 90//90
f 77//77 90//90 78//78
f 78//78 90//90 91//91
f 78//78 91//91 79//79
f 79//79 91//91 92//92
f 79//79 92//92 80//80
f 80//80 92//92 93//93
f 80//80 93//93 81//81
f 81//81 93//93 94//94
f 81//81 94//94 82//82
f 82//82 94//94 95//95
f 82//82 95//95 83//83
f 83//83 95//95 96//96
f 83//83 96//96 84//84
f 84//84 96//96 85//85
f 84//84 85//85 73//73
f 85//85 97//97 98//98
f 85//85 98//98 86//86
f 86//86 98//98 99//99
f 86//86 99//99 87//87
f 87//87 99//99 100//100
f 87//87 100//100 88//88
f 88//88 100//100 101//101
f 88//88 101//101 89//89
f 89//89 101//101 102//102
f 89//89 102//102 90//90
f 90//90 102//102 103//103
f 90//90 103//103 91//91
f 91//91 103//103 104//104
f 91//91 104//104 92//92
f 92//92 104//104 105//105
f 92//92 105//105 93//93
f 93//93 105//105 106//106
f 93//93 106//106 94//94
f 94//94 106//106 107//107
f 94//94 107//107 95//95
f 95//95 107//107 108//108
f 95//95 108//108 96//96
f 96//96 108//108 97//97
f 96//96 97//97 85//85
f 97//97 109//109 110//110
f 97//97 110//110 98//98
f 98//98 110//110 111//111
f 98//98 111//111 99//99
f 99//99 111//111 112//112
f 99//99 112//112 100//100
f 100//100 112//112 113//113
f 100//100 113//113 101//101
f 101//101 113//113 114//114
f 101//101 114//114 102//102
f 102//102 114//114 115//115
f 102//102 115//115 103//103
f 103//103 115//115 116//116
f 103//103 116//116 104//104
f 104//104 116//116 117//117
f 104//104 117//117 105//105
f 105//105 117//117 118//118
f 105//105 118//118 106//106
f 106//106 118//118 119//119
f 106//106 119//119 107//107
f 107//107 119//119 120//120
f 107//107 120//120 108//108
f 108//108 120//120 109//109
f 108//108 109//109 97//97
f 109//109 121//121 122//122
f 109//109 122//122 110//110
f 110//110 122//122 123//123
f 110//110 123//123 111//111
f 111//111 123//123 124//124
f 111//111 124//124 112//112
f 112//112 124//124 125//125
f 112//112 125//125 113//113
f 113//113 125//125 126//126
f 113//113 126//126 114//114
f 114//114 126//126 127//127
f 114//114 127//127 115//115
f 115//115 127//127 128//128
f 115//115 128//128 116//116
f 116//116 128//128 129//129
f 116//116 129//129 117//117
f 117//117 129//129 130//130
f 117//117 130//130 118//118
f 118//118 130//130 131//131
f 118//118 131//131 119//119
f 119//119 131//131 132//132
f 119//119 132//132 120//120
f 120//120 132//132 121//121
f 120//120 121//121 109//109
f 121//121 133//133 134//134
f 121//121 134//134 122//122
f 122//122 134//134 135//135
f 122//122 135//135 123//123
f 123//123 135//135 136//136
f 123//123 136//136 124//124
f 124//124 136//136 137//137
f 124//124 137//137 125//125
f 125//125 137//137 138//138
f 125//125 138//138 126//126
f 126//126 138//138 139//139
f 126//126 139//139 127//127
f 127//127 139//139 140//140
f 127//127 140//140 128//128
f 128//128 140//140 141//141
f 128//128 141//141 129//129
f 129//129 141//141 142//142
f 129//129 142//142 130//130
f 130//130 142//142 143//143
f 130//130 143//143 131//131
f 131//131 143//143 144//144
f 131//131 144//144 132//132
f 132//132 144//144 133//133
f 132//132 133//133 121//121
f 133//133 145//145 146//146
f 133//133 146//146 134//134
f 134//134 146//146 147//147
f 134//134 147//147 135//135
f 135//135 147//147 148//148
f 135//135 148//148 136//136
f 136//136 148//148 149//149
f 136//136 149//149 137//137
f 137//137 149//149 150//150
f 137//137 150//150 138//138
f 138//138 150//150 151//151
f 138//138 151//151 139//139
f 139//139 151//151 152//152
f 139//139 152//152 140//140
f 140//140 152//152 153//153
f 140//140 153//153 141//141
f 141//141 153//153 154//154
f 141//141 154//154 142//142
f 142//142 154//154 155//155
f 142//142 155//155 143//143
f 143//143 155//155 156//156
f 143//143 156//156 144//144
f 144//144 156//156 145//145
f 144//144 145//145 133//133
f 145//145 157//157 158//158
f 145//145 158//158 146//146
f 146//146 158//158 159//159
f 146//146 159//159 147//147
f 147//147 159//159 160//160
f 147//147 160//160 148//148
f 148//148 160//160 161//161
f 148//148 161//161 149//149
f 149//149 161//161 162//162
f 149//149 162//162 150//150
f 150//150 162//162 163//163
f 150//150 163//163 151//151
f 151//151 163//163 164//164
f 151//151 164//164 152//152
f 152//152 164//164 165//165
f 152//152 165//165 153//153
f 153//153 165//165 166//166
f 153//153 166//166 154//154
f 154//154 166//166 167//167
f 154//154 167//167 155//155
f 155//155 167//167 168//168
f 155//155 168//168 156//156
f 156//156 168//168 157//157
f 156//156 157//157 145//145
f 157//157 169//169 170//170
f 157//157 170//170 158//158
f 158//158 170//170 171//171
f 158//158 171//171 159//159
f 159//159 171//171 172//172
f 159//159 172//172 160//160
f 160//160 172//172 173//173
f 160//160 173//173 161//161
f 161//161 173//173 174//174
f 161//161 174//174 162//162
f 162//162 174//174 175//175
f 162//162 175//175 163//163
f 163//163 175//175 176//176
f 163//163 176//176 164//164
f 164//164 176//176 177//177
f 164//164 177//177 165//165
f 165//165 177//177 178//178
f 165//165 178//178 166//166
f 166//166 178//178 179//179
f 166//166 179//179 167//167
f 167//167 179//179 180//180
f 167//167 180//180 168//168
f 168//168 180//180 169//169
f 168//168 169//169 157//157
f 169//169 181//181 182//182
f 169//169 182//182 170//170
f 170//170 182//182 183//183
f 170//170 183//183 171//171
f 171//171 183//183 184//184
f 171//171 184//184 172//172
f 172//172 184//184 185//185
f 172//172 185//185 173//173
f 173//173 185//185 186//186
f 173//173 186//186 174//174
f 174//174 186//186 187//187
f 174//174 187//187 175//175
f 175//175 187//187 188//188
f 175//175 188//188 176//176
f 176//176 188//188 189//189
f 176//176 189//189 177//177
f 177//177 189//189 190//190
f 177//177 190//190 178//178
f 178//178 190//190 191//191
f 178//178 191//191 179//179
f 179//179 191//191 192//192
f 179//179 192//192 180//180
f 180//180 192//192 181//181
f 180//180 181//181 169//169
f 181//181 193//193 194//194
f 181//181 194//194 182//182
f 182//182 194//194 195//195
f 182//182 195//195 183//183
f 183//183 195//195 196//196
f 183//183 196//196 184//184
f 184//184 196//196 197//197
f 184//184 197//197 185//185
f 185//185 197//197 198//198
f 185//185 198//198 186//186
f 186//186 198//198 199//199
f 186//186 199//199 187//187
f 187//187 199//199 200//200
f 187//187 200//200 188//188
f 188//188 200//200 201//201
f 188//188 201//201 189//189
f 189//189 201//201 202//202
f 189//189 202//202 190//190
f 190//190 202//202 203//203
f 190//190 203//203 191//191
f 191//191 203//203 204//204
f 191//191 204//204 192//192
f 192//192 204//204 193//193
f 192//192 193//193 181//181
f 193//193 205//205 206//206
f 193//193 206//206 194//194
f 194//194 206//206 207//207
f 194//194 207//207 195//195
f 195//195 207//207 208//208
f 195//195 208//208 196//196
f 196//196 208//208 209//209
f 196//196 209//209 197//197
f 197//197 209//209 210//210
f 197//197 210//210 198//198
f 198//198 210//210 211//211
f 198//198 211//211 199//199
f 199//199 211//211 212//212
f 199//199 212//212 200//200
f 200//200 212//212 213//213
f 200//200 213//213 201//201
f 201//201 213//213 214//214
f 201//201 214//214 202//202
f 202//202 214//214 215//215
f 202//202 215//215 203//203
f 203//203 215//215 216//216
f 203//203 216//216 204//204
f 204//204 216//216 205//205
f 204//204 205//205 193//193
f 205//205 217//217 218//218
f 205//205 218//218 206//206
f 206//206 218//218 219//219
f 206//206 219//219 207//207
f 207//207 219//219 220//220
f 207//207 220//220 208//208
f 208//208 220//220 221//221
f 208//208 221//221 209//209
f 209//209 221//221 222//222
f 209//209 222//222 210//210
f 210//210 222//222 223//223
f 210//210 223//223 211//211
f 211//211 223//223 224//224
f 211//211 224//224 212//212
f 212//212 224//224 225//225
f 212//212 225//225 213//213
f 213//213 225//225 226//226
f 213//213 226//226 214//214
f 214//214 226//226 227//227
f 214//214 227//227 215//215
f 215//215 227//227 228//228
f 215//215 228//228 216//216
f 216//216 228//228 217//217
f 216//216 217//217 205//205
f 217//217 229//229 230//230
f 217//217 230//230 218//218
f 218//218 230//230 231//231
f 218//218 231//231 219//219
f 219//219 231//231 232//232
f 219//219 232//232 220//220
f 220//220 232//232 233//233
f 220//220 233//233 221//221
f 221//221 233//233 234//234
f 221//221 234//234 222//222
f 222//222 234//234 235//235
f 222//222 235//235 223//223
f 223//223 235//235 236//236
f 223//223 236//236 224//224
f 224//224 236//236 237//237
f 224//224 237//237 225//225
f 225//225 237//237 238//238
f 225//225 238//238 226//226
f 226//226 238//238 239//239
f 226//226 239//239 227//227
f 227//227 239//239 240//240
f 227//227 240//240 228//228
f 228//228 240//240 229//229
f 228//228 229//229 217//217
f 229//229 241//241 242//242
f 229//229 242//242 230//230
f 230//230 242//242 243//243
f 230//230 243//243 231//231
f 231//231 243//243 244//244
f 231//231 244//244 232//232
f 232//232 244//244 245//245
f 232//232 245//245 233//233
f 233//233 245//245 246//246
f 233//233 246//246 234//234
f 234//234 246//246 247//247
f 234//234 247//247 235//235
f 235//235 247//247 248//248
f 235//235 248//248 236//236
f 236//236 248//248 249//249
f 236//236 249//249 237//237
f 237//237 249//249 250//250
f 237//237 250//250 238//238
f 238//238 250//250 251//251
f 238//238 251//251 239//239
f 239//239 251//251 252//252
f 239//239 252//252 240//240
f 240//240 252//252 241//241
f 240//240 241//241 229//229
f 241//241 253//253 254//254
f 241//241 254//254 242//242
f 242//242 254//254 255//255
f 242//242 255//255 243//243
f 243//243 255//255 256//256
f 243//243 256//256 244//244
f 244//244 256//256 257//257
f 244//244 257//257 245//245
f 245//245 257//257 258//258
f 245//245 258//258 246//246
f 246//246 258//258 259//259
f 246//246 259//259 247//247
f 247//247 259//259 260//260
f 247//247 260//260 248//248
f 248//248 260//260 261//261
f 248//248 261//261 249//249
f 249//249 261//261 262//262
f 249//249 262//262 250//250
f 250//250 262//262 263//263
f 250//250 263//263 251//251
f 251//251 263//263 264//264
f 251//251 264//264 252//252
f 252//252 264//264 253//253
f 252//252 253//253 241//241
f 253//253 265//265 266//266
f 253//253 266//266 254//254
f 254//254 266//266 267//267
f 254//254 267//267 255//255
f 255//255 267//267 268//268
f 255//255 268//268 256//256
f 256//256 268//268 269//269
f 256//256 269//269 257//257
f 257//257 269//269 270//270
f 257//257 270//270 258//258
f 258//258 270//270 271//271
f 258//258 271//271 259//259
f 259//259 271//271 272//272
f 259//259 272//272 260//260
f 260//260 272//272 273//273
f 260//260 273//273 261//261
f 261//261 273//273 274//274
f 261//261 274//274 262//262
f 262//262 274//274 275//275
f 262//262 275//275 263//263
f 263//263 275//275 276//276
f 263//263 276//276 264//264
f 264//264 276//276 265//265
f 264//264 265//265 253//253
f 265//265 277//277 278//278
f 265//265 278//278 266//266
f 266//266 278//278 279//279
f 266//266 279//279 267//267
f 267//267 279//279 280//280
f 267//267 280//280 268//268
f 268//268 280//280 281//281
f 268//268 281//281 269//269
f 269//269 281//281 282//282
f 269//269 282//282 270//270
f 270//270 282//282 283//283
f 270//270 283//283 271//271
f 271//271 283//283 284//284
f 271//271 284//284 272//272
f 272//272 284//284 285//285
f 272//272 285//285 273//273
f 273//273 285//285 286//286
f 273//273 286//286 274//274
f 274//274 286//286 287//287
f 274//274 287//287 275//275
f 275//275 287//287 288//288
f 275//275 288//288 276//276
f 276//276 288//288 277//277
f 276//276 277//277 265//265
f 277//277 289//289 290//290
f 277//277 290//290 278//278
f 278//278 290//290 291//291
f 278//278 291//291 279//279
f 279//279 291//291 292//292
f 279//279 292//292 280//280
f 280//280 292//292 293//293
f 280//280 293//293 281//281
f 281//281 293//293 294//294
f 281//281 294//294 282//282
f 282//282 294//294 295//295
f 282//282 295//295 283//283
f 283//283 295//295 296//296
f 283//283 296//296 284//284
f 284//284 296//296 297//297
f 284//284 297//297 285//285
f 285//285 297//297 298//298
f 285//285 298//298 286//286
f 286//286 298//298 299//299
f 286//286 299//299 287//287
f 287//287 299//299 300//300
f 287//287 300//300 288//288
f 288//288 300//300 289//289
f 288//288 289//289 277//277
f 289//289 301//301 302//302
f 289//289 302//302 290//290
f 290//290 302//302 303//303
f 290//290 303//303 291//291
f 291//291 303//303 304//304
f 291//291 304//304 292//292
f 292//292 304//304 305//305
f 292//292 305//305 293//293
f 293//293 305//305 306//306
f 293//293 306//306 294//294
f 294//294 306//306 307//307
f 294//294 307//307 295//295
f 295//295 307//307 308//308
f 295//295 308//308 296//296
f 296//296 308//308 309//309
f 296//296 309//309 297//297
f 297//297 309//309 310//310
f 297//297 310//310 298//298
f 298//298 310//310 311//311
f 298//298 311//311 299//299
f 299//299 311//311 312//312
f 299//299 312//312 300//300
f 300//300 312//312 301//301
f 300//300 301//301 289//289
f 301//301 313//313 314//314
f 301//301 314//314 302//302
f 302//302 314//314 315//315
f 302//302 315//315 303//303
f 303//303 315//315 316//316
f 303//303 316//316 304//304
f 304//304 316//316 317//317
f 304//304 317//317 305//305
f 305//305 317//317 318//318
f 305//305 318//318 306//306
f 306//306 318//318 319//319
f 306//306 319//319 307//307
f 307//307 319//319 320//320
f 307//307 320//320 308//308
f 308//308 320//320 321//321
f 308//308 321//321 309//309
f 309//309 321//321 322//322
f 309//309 322//322 310//310
f 310//310 322//322 323//323
f 310//310 323//323 311//311
f 311//311 323//323 324//324
f 311//311 324//324 312//312
f 312//312 324//324 313//313
f 312//312 313//313 301//301
f 313//313 325//325 326//326
f 313//313 326//326 314//314
f 314//314 326//326 327//327
f 314//314 327//327 315//315
f 315//315 327//327 328//328
f 315//315 328//328 316//316
f 316//316 328//328 329//329
f 316//316 329//329 317//317
f 317//317 329//329 330//330
f 317//317 330//330 318//318
f 318//318 330//330 331//331
f 318//318 331//331 319//319
f 319//319 331//331 332//332
f 319//319 332//332 320//320
f 320//320 332//332 333//333
f 320//320 333//333 321//321
f 321//321 333//333 334//334
f 321//321 334//334 322//322
f 322//322 334//334 335//335
f 322//322 335//335 323//323
f 323//323 335//335 336//336
f 323//323 336//336 324//324
f 324//324 336//336 325//325
f 324//324 325//325 313//313
f 325//325 337//337 338//338
f 325//325 338//338 326//326
f 326//326 338//338 339//339
f 326//326 339//339 327//327
f 327//327 339//339 340//340
f 327//327 340//340 328//328
f 328//328 340//340 341//341
f 328//328 341//341 329//329
f 329//329 341//341 342//342
f 329//329 342//342 330//330
f 330//330 342//342 343//343
f 330//330 343//343 331//331
f 331//331 343//343 344//344
f 331//331 344//344 332//332
f 332//332 344//344 345//345
f 332//332 345//345 333//333
f 333//333 345//345 346//346
f 333//333 346//346 334//334
f 334//334 346//346 347//347
f 334//334 347//347 335//335
f 335//335 347//347 348//348
f 335//335 348//348 336//336
f 336//336 348//348 337//337
f 336//336 337//337 325//325
f 337//337 349//349 350//350
f 337//337 350//350 338//338
f 338//338 350//350 351//351
f 338//338 351//351 339//339
f 339//339 351//351 352//352
f 339//339 352//352 340//340
f 340//340 352//352 353//353
f 340//340 353//353 341//341
f 341//341 353//353 354//354
f 341//341 354//354 342//342
f 342//342 354//354 355//355
f 342//342 355//355 343//343
f 343//343 355//355 356//356
f 343//343 356//356 344//344
f 344//344 356//356 357//357
f 344//344 357//357 345//345
f 345//345 357//357 358//358
f 345//345 358//358 346//346
f 346//346 358//358 359//359
f 346//346 359//359 347//347
f 347//347 359//359 360//360
f 347//347 360//360 348//348
f 348//348 360//360 349//349
f 348//348 349//349 337//337
f 349//349 361//361 362//362
f 349//349 362//362 350//350
f 350//350 362//362 363//363
f 350//350 363//363 351//351
f 351//351 363//363 364//364
f 351//351 364//364 352//352
f 352//352 364//364 365//365
f 352//352 365//365 353//353
f 353//353 365//365 366//366
f 353//353 366//366 354//354
f 354//354 366//366 367//367
f 354//354 367//367 355//355
f 355//355 367//367 368//368
f 355//355 368//368 356//356
f 356//356 368//368 369//369
f 356//356 369//369 357//357
f 357//357 369//369 370//370
f 357//357 370//370 358//358
f 358//358 370//370 371//371
f 358//358 371//371 359//359
f 359//359 371//371 372//372
f 359//359 372//372 360//360
f 360//360 372//372 361//361
f 360//360 361//361 349//349
f 361//361 373//373 374//374
f 361//361 374//374 362//362
f 362//362 374//374 375//375
f 362//362 375//375 363//363
f 363//363 375//375 376//376
f 363//363 376//376 364//364
f 364//364 376//376 377//377
f 364//364 377//377 365//365
f 365//365 377//377 378//378
f 365//365 378//378 366//366
f 366//366 378//378 379//379
f 366//366 379//379 367//367
f 367//367 379//379 380//380
f 367//367 380//380 368//368
f 368//368 380//380 381//381
f 368//368 381//381 369//369
f 369//369 381//381 382//382
f 369//369 382//382 370//370
f 370//370 382//382 383//383
f 370//370 383//383 371//371
f 371//371 383//383 384//384
f 371//371 384//384 372//372
f 372//372 384//384 373//373
f 372//372 373//373 361//361
f 373//373 385//385 386//386
f 373//373 386//386 374//374
f 374//374 386//386 387//387
f 374//374 387//387 375//375
f 375//375 387//387 388//388
f 375//375 388//388 376//376
f 376//376 388//388 389//389
f 376//376 389//389 377//377
f 377//377 389//389 390//390
f 377//377 390//390 378//378
f 378//378 390//390 391//391
f 378//378 391//391 379//379
f 379//379 391//391 392//392
f 379//379 392//392 380//380
f 380//380 392//392 393//393
f 380//380 393//393 381//381
f 381//381 393//393 394//394
f 381//381 394//394 382//382
f 382//382 394//394 395//395
f 382//382 395//395 383//383
f 383//383 395//395 396//396
f 383//383 396//396 384//384
f 384//384 396//396 385//385
f 384//384 385//385 373//373
f 385//385 397//397 398//398
f 385//385 398//398 386//386
f 386//386 398//398 399//399
f 386//386 399//399 387//387
f 387//387 399//399 400//400
f 387//387 400//400 388//388
f 388//388 400//400 401//401
f 388//388 401//401 389//389
f 389//389 401//401 402//402
f 389//389 402//402 390//390
f 390//390 402//402 403//403
f 390//390 403//403 391//391
f 391//391 403//403 404//404
f 391//391 404//404 392//392
f 392//392 404//404 405//405
f 392//392 405//405 393//393
f 393//393 405//405 406//406
f 393//393 406//406 394//394
f 394//394 406//406 407//407
f 394//394 407//407 395//395
f 395//395 407//407 408//408
f 395//395 408//408 396//396
f 396//396 408//408 397//397
f 396//396 397//397 385//385
f 397//397 409//409 410//410
f 397//397 410//410 398//398
f 398//398 410//410 411//411
f 398//398 411//411 399//399
f 399//399 411//411 412//412
f 399//399 412//412 400//400
f 400//400 412//412 413//413
f 400//400 413//413 401//401
f 401//401 413//413 414//414
f 401//401 414//414 402//402
f 402//402 414//414 415//415
f 402//402 415//415 403//403
f 403//403 415//415 416//416
f 403//403 416//416 404//404
f 404//404 416//416 417//417
f 404//404 417//417 405//405
f 405//405 417//417 418//418
f 405//405 418//418 406//406
f 406//406 418//418 419//419
f 406//406 419//419 407//407
f 407//407 419//419 420//420
f 407//407 420//420 408//408
f 408//408 420//420 409//409
f 408//408 409//409 397//397
f 409//409 421//421 422//422
f 409//409 422//422 410//410
f 410//410 422//422 423//423
f 410//410 423//423 411//411
f 411//411 423//423 424//424
f 411//411 424//424 412//412
f 412//412 424//424 425//425
f 412//412 425//425 413//413
f 413//413 425//425 426//426
f 413//413 426//426 414//414
f 414//414 426//426 427//427
f 414//414 427//427 415//415
f 415//415 427//427 428//428
f 415//415 428//428 416//416
f 416//416 428//428 429//429
f 416//416 429//429 417//417
f 417//417 429//429 430//430
f 417//417 430//430 418//418
f 418//418 430//430 431//431
f 418//418 431//431 419//419
f 419//419 431//431 432//432
f 419//419 432//432 420//420
f 420//420 432//432 421//421
f 420//420 421//421 409//409
f 421//421 433//433 434//434
f 421//421 434//434 422//422
f 422//422 434//434 435//435
f 422//422 435//435 423//423
f 423//423 435//435 436//436
f 423//423 436//436 424//424
f 424//424 436//436 437//437
f 424//424 437//437 425//425
f 425//425 437//437 438//438
f 425//425 438//438 426//426
f 426//426 438//438 439//439
f 426//426 439//439 427//427
f 427//427 439//439 440//440
f 427//427 440//440 428//428
f 428//428 440//440 441//441
f 428//428 441//441 429//429
f 429//429 441//441 442//442
f 429//429 442//442 430//430
f 430//430 442//442 443//443
f 430//430 443//443 431//431
f 431//431 443//443 444//444
f 431//431 444//444 432//432
f 432//432 444//444 433//433
f 432//432 433//433 421//421
f 433//433 445//445 446//446
f 433//433 446//446 434//434
f 434//434 446//446 447//447
f 434//434 447//447 435//435
f 435//435 447//447 448//448
f 435//435 448//448 436//436
f 436//436 448//448 449//449
f 436//436 449//449 437//437
f 437//437 449//449 450//450
f 437//437 450//450 438//438
f 438//438 450//450 451//451
f 438//438 451//451 439//439
f 439//439 451//451 452//452
f 439//439 452//452 440//440
f 440//440 452//452 453//453
f 440//440 453//453 441//441
f 441//441 453//453 454//454
f 441//441 454//454 442//442
f 442//442 454//454 455//455
f 442//442 455//455 443//443
f 443//443 455//455 456//456
f 443//443 456//456 444//444
f 444//444 456//456 445//445
f 444//444 445//445 433//433
f 445//445 457//457 458//458
f 445//445 458//458 446//446
f 446//446 458//458 459//459
f 446//446 459//459 447//447
f 447//447 459//459 460//460
f 447//447 460//460 448//448
f 448//448 460//460 461//461
f 448//448 461//461 449//449
f 449//449 461//461 462//462
f 449//449 462//462 450//450
f 450//450 462//462 463//463
f 450//450 463//463 451//451
f 451//451 463//463 464//464
f 451//451 464//464 452//452
f 452//452 464//464 465//465
f 452//452 465//465 453//453
f 453//453 465//465 466//466
f 453//453 466//466 454//454
f 454//454 466//466 467//467
f 454//454 467//467 455//455
f 455//455 467//467 468//468
f 455//455 468//468 456//456
f 456//456 468//468 457//457
f 456//456 457//457 445//445
f 457//457 469//469 470//470
f 457//457 470//470 458//458
f 458//458 470//470 471//471
f 458//458 471//471 459//459
f 459//459 471//471 472//472
f 459//459 472//472 460//460
f 460//460 472//472 473//473
f 460//460 473//473 461//461
f 461//461 473//473 474//474
f 461//461 474//474 462//462
f 462//462 474//474 475//475
f 462//462 475//475 463//463
f 463//463 475//475 476//476
f 463//463 476//476 464//464
f 464//464 476//476 477//477
f 464//464 477//477 465//465
f 465//465 477//477 478//478
f 465//465 478//478 466//466
f 466//466 478//478 479//479
f 466//466 479//479 467//467
f 467//467 479//479 480//480
f 467//467 480//480 468//468
f 468//468 480//480 469//469
f 468//468 469//469 457//457
f 469//469 481//481 482//482
f 469//469 482//482 470//470
f 470//470 482//482 483//483
f 470//470 483//483 471//471
f 471//471 483//483 484//484
f 471//471 484//484 472//472
f 472//472 484//484 485//485
f 472//472 485//485 473//473
f 473//473 485//485 486//486
f 473//473 486//486 474//474
f 474//474 486//486 487//487
f 474//474 487//487 475//475
f 475//475 487//487 488//488
f 475//475 488//488 476//476
f 476//476 488//488 489//489
f 476//476 489//489 477//477
f 477//477 489//489 490//490
f 477//477 490//490 478//478
f 478//478 490//490 491//491
f 478//478 491//491 479//479
f 479//479 491//491 492//492
f 479//479 492//492 480//480
f 480//480 492//492 481//481
f 480//480 481//481 469//469
f 481//481 493//493 494//494
f 481//481 494//494 482//482
f 482//482 494//494 495//495
f 482//482 495//495 483//483
f 483//483 495//495 496//496
f 483//483 496//496 484//484
f 484//484 496//496 497//497
f 484//484 497//497 485//485
f 485//485 497//497 498//498
f 485//485 498//498 486//486
f 486//486 498//498 499//499
f 486//486 499//499 487//487
f 487//487 499//499 500//500
f 487//487 500//500 488//488
f 488//488 500//500 501//501
f 488//488 501//501 489//489
f 489//489 501//501 502//502
f 489//489 502//502 490//490
f 490//490 502//502 503//503
f 490//490 503//503 491//491
f 491//491 503//503 504//504
f 491//491 504//504 492//492
f 492//492 504//504 493//493
f 492//492 493//493 481//481
f 493//493 505//505 506//506
f 493//493 506//506 494//494
f 494//494 506//506 507//507
f 494//494 507//507 495//495
f 495//495 507//507 508//508
f 495//495 508//508 496//496
f 496//496 508//508 509//509
f 496//496 509//509 497//497
f 497//497 509//509 510//510
f 497//497 510//510 498//498
f 498//498 510//510 511//511
f 498//498 511//511 499//499
f 499//499 511//511 512//512
f 499//499 512//512 500//500
f 500//500 512//512 513//513
f 500//500 513//513 501//501
f 501//501 513//513 514//514
f 501//501 514//514 502//502
f 502//502 514//514 515//515
f 502//502 515//515 503//503
f 503//503 515//515 516//516
f 503//503 516//516 504//504
f 504//504 516//516 505//505
f 504//504 505//505 493//493
f 505//505 517//517 518//518
f 505//505 518//518 506//506
f 506//506 518//518 519//519
f 506//506 519//519 507//507
f 507//507 519//519 520//520
f 507//507 520//520 508//508
f 508//508 520//520 521//521
f 508//508 521//521 509//509
f 509//509 521//521 522//522
f 509//509 522//522 510//510
f 510//510 522//522 523//523
f 510//510 523//523 511//511
f 511//511 523//523 524//524
f 511//511 524//524 512//512
f 512//512 524//524 525//525
f 512//512 525//525 513//513
f 513//513 525//525 526//526
f 513//513 526//526 514//514
f 514//514 526//526 527//527
f 514//514 527//527 515//515
f 515//515 527//527 528//528
f 515//515 528//528 516//516
f 516//516 528//528 517//517
f 516//516 517//517 505//505
f 517//517 529//529 530//530
f 517//517 530//530 518//518
f 518//518 530//530 531//531
f 518//518 531//531 519//519
f 519//519 531//531 532//532
f 519//519 532//532 520//520
f 520//520 532//532 533//533
f 520//520 533//533 521//521
f 521//521 533//533 534//534
f 521//521 534//534 522//522
f 522//522 534//534 535//535
f 522//522 535//535 523//523
f 523//523 535//535 536//536
f 523//523 536//536 524//524
f 524//524 536//536 537//537
f 524//524 537//537 525//525
f 525//525 537//537 538//538
f 525//525 538//538 526//526
f 526//526 538//538 539//539
f 526//526 539//539 527//527
f 527//527 539//539 540//540
f 527//527 540//540 528//528
f 528//528 540//540 529//529
f 528//528 529//529 517//517
f 529//529 541//541 542//542
f 529//529 542//542 530//530
f 530//530 542//542 543//543
f 530//530 543//543 531//531
f 531//531 543//543 544//544
f 531//531 544//544 532//532
f 532//532 544//544 545//545
f 532//532 545//545 533//533
f 533//533 545//545 546//546
f 533//533 546//546 534//534
f 534//534 546//546 547//547
f 534//534 547//547 535//535
f 535//535 547//547 548//548
f 535//535 548//548 536//536
f 536//536 548//548 549//549
f 536//536 549//549 537//537
f 537//537 549//549 550//550
f 537//537 550//550 538//538
f 538//538 550//550 551//551
f 538//538 551//551 539//539
f 539//539 551//551 552//552
f 539//539 552//552 540//540
f 540//540 552//552 541//541
f 540//540 541//541 529//529
f 541//541 553//553 554//554
f 541//541 554//554 542//542
f 542//542 554//554 555//555
f 542//542 555//555 543//543
f 543//543 555//555 556//556
f 543//543 556//556 544//544
f 544//544 556//556 557//557
f 544//544 557//557 545//545
f 545//545 557//557 558//558
f 545//545 558//558 546//546
f 546//546 558//558 559//559
f 546//546 559//559 547//547
f 547//547 559//559 560//560
f 547//547 560//560 548//548
f 548//548 560//560 561//561
f 548//548 561//561 549//549
f 549//549 561//561 562//562
f 549//549 562//562 550//550
f 550//550 562//562 563//563
f 550//550 563//563 551//551
f 551//551 563//563 564//564
f 551//551 564//564 552//552
f 552//552 564//564 553//553
f 552//552 553//553 541//541
f 553//553 565//565 566//566
f 553//553 566//566 554//554
f 554//554 566//566 567//567
f 554//554 567//567 555//555
f 555//555 567//567 568//568
f 555//555 568//568 556//556
f 556//556 568//568 569//569
f 556//556 569//569 557//557
f 557//557 569//569 570//570
f 557//557 570//570 558//558
f 558//558 570//570 571//571
f 558//558 571//571 559//559
f 559//559 571//571 572//572
f 559//559 572//572 560//560
f 560//560 572//572 573//573
f 560//560 573//573 561//561
f 561//561 573//573 574//574
f 561//561 574//574 562//562
f 562//562 574//574 575//575
f 562//562 575//575 563//563
f 563//563 575//575 576//576
f 563//563 576//576 564//564
f 564//564 576//576 565//565
f 564//564 565//565 553//553
f 565//565 1//1 2//2
f 565//565 2//2 566//566
f 566//566 2//2 3//3
f 566//566 3//3 567//567
f 567//567 3//3 4//4
f 567//567 4//4 568//568
f 568//568 4//4 5//5
f 568//568 5//5 569//569
f 569//569 5//5 6//6
f 569//569 6//6 570//570
f 570//570 6//6 7//7
f 570//570 7//7 571//571
f 571//571 7//7 8//8
f 571//571 8//8 572//572
f 572//572 8//8 9//9
f 572//572 9//9 573//573
f 573//573 9//9 10//10
f 573//573 10//10 574//574
f 574//574 10//10 11//11
f 574//574 11//11 575//575
f 575//575 11//11 12//12
f 575//575 12//12 576//576
f 1//1 565//565 576//576
f 1//1 576//576 12//12
# 1152 faces, 0 coords texture

# End of File